frame,label,valid,inference_valid,phase,feature_raw,time_raw,score,alarm,evidence_type
15,0.0,0,0,0.05440671294150178,0.5418218374252319,nan,nan,0,0
16,0.0,0,0,0.05479882160982089,0.5344904065132141,nan,nan,0,0
17,0.0,0,0,0.055757079573240824,0.5434383749961853,nan,nan,0,0
18,0.0,0,0,0.05445964229569543,0.5350576639175415,nan,nan,0,0
19,0.0,0,0,0.05672798950149676,0.526999294757843,nan,nan,0,0
20,0.0,0,0,0.0636726876807764,0.5357280969619751,nan,nan,0,0
21,0.0,0,0,0.06732347274689307,0.5364489555358887,nan,nan,0,0
22,0.0,0,0,0.0675629649199712,0.5223819613456726,nan,nan,0,0
23,0.0,0,0,0.0723928205409432,0.5329055190086365,nan,nan,0,0
24,0.0,0,0,0.07497155336036172,0.5365341901779175,nan,nan,0,0
25,0.0,0,0,0.07907807160485783,0.5448894500732422,nan,nan,0,0
26,0.0,0,0,0.08199788764085757,0.5517220497131348,nan,nan,0,0
27,0.0,0,0,0.0864409241841326,0.5605354309082031,nan,nan,0,0
28,0.0,0,0,0.08799889194091498,0.5777192711830139,nan,nan,0,0
29,0.0,0,1,0.09224710321515116,0.5544131398200989,0.0043673322673842266,-0.6821305332567794,0,0
30,0.0,0,1,0.09450044724111585,0.5587211847305298,0.003966942498293664,-0.5415779077912408,0,0
31,0.0,0,1,0.0988977752224727,0.5492994785308838,0.005479288852924027,-0.8390193369760047,0,0
32,0.0,0,1,0.10015655722469859,0.5342158675193787,0.003847824108087188,-1.378523656223392,0,0
33,0.0,0,1,0.10440278366005733,0.4991774260997772,0.004638753677777591,-2.5601955775703775,0,0
34,0.0,0,1,0.10332721948002642,0.518181324005127,0.002169449780082496,-1.9511664664029262,0,0
35,0.0,0,1,0.10667100079833501,0.5252406001091003,0.0020044273454817726,-1.7131809006073042,0,0
36,0.0,0,1,0.10620633577478374,0.5408421754837036,0.0029478933802103017,-1.1667746969869022,0,0
37,0.0,0,1,0.10842529263624294,0.513503909111023,0.0031473248363271663,-2.095283860942838,0,0
38,0.0,0,1,0.10771179333140238,0.5162158608436584,0.006434572147974843,-1.951507548244533,0,0
39,0.0,0,1,0.10977146308418345,0.5202962160110474,0.006713490964553815,-1.808100690530592,0,0
40,0.0,0,1,0.10903344987664343,0.5223854184150696,0.009643889277759958,-1.6911215711438707,0,0
41,0.0,0,1,0.10973517435700803,0.5131245851516724,0.010873276385665777,-1.9875017171365417,0,0
42,0.0,0,1,0.1078602107242727,0.5132047533988953,0.014412115030749366,-1.9294797034918147,0,0
43,0.0,0,1,0.11222923595538684,0.515234649181366,0.01171484437469099,-1.9024471238348601,0,0
44,0.0,0,1,0.10613538279228175,0.5202105045318604,0.018982903785854106,-1.6193268351715469,0,0
45,0.0,1,1,0.112673491224476,0.5168145298957825,0.013838820155141972,-1.815423887131244,0,0
46,0.0,1,1,0.10774004827991938,0.5270842909812927,0.019193284837728558,-1.3817971043241053,0,0
47,0.0,1,1,0.10945335944680959,0.5357263684272766,0.018021651603354134,-1.1056003946199655,0,0
48,0.0,1,1,0.10724643670194697,0.5230973958969116,0.020589329761556193,-1.4958497796677126,0,0
49,0.0,1,1,0.10862012244918601,0.5338287949562073,0.01949558810159721,-1.1472368487542914,0,0
50,0.0,1,1,0.107040768118188,0.5479294061660767,0.021214165407655992,-0.6398698664231471,0,0
51,0.0,1,1,0.11046495592811421,0.5557562708854675,0.017967692081190607,-0.4238705871840961,0,0
52,0.0,1,1,0.10891312313574453,0.5341498255729675,0.019547102935476287,-1.1354920092250715,0,0
53,0.0,1,1,0.11726470011596175,0.5272930264472961,0.012680026310058224,-1.476445651695108,0,0
54,0.0,1,1,0.11565967898101648,0.5354112386703491,0.013643266242851051,-1.1847462542722065,0,0
55,0.0,1,1,0.12502059658780332,0.5389894247055054,0.008478940086760521,-1.1434962673837288,0,0
56,0.0,1,1,0.11968181150909557,0.5344484448432922,0.011018727000608833,-1.2585612911039652,0,0
57,0.0,1,1,0.1307229114286837,0.5418652892112732,0.006440857774827889,-1.077336006650985,0,0
58,0.0,1,1,0.12263466232824344,0.5502374172210693,0.010177099059363695,-0.7336589598482259,0,0
59,0.0,1,1,0.1302138704221421,0.552605390548706,0.005548948671751838,-0.7252731330977362,0,0
60,0.0,1,1,0.12141343891433116,0.5386847257614136,0.013829726668535111,-1.0702801491620773,0,0
61,0.0,1,1,0.13531748882079117,0.552338719367981,0.004238013850313055,-0.7548424393620785,0,0
62,0.0,1,1,0.12883208368446955,0.5359894633293152,0.009552881838329553,-1.2289489908414215,0,0
63,0.0,1,1,0.1369164930872247,0.5344410538673401,0.004762994560422223,-1.3565513959399398,0,0
64,0.0,1,1,0.1358817060758966,0.5433569550514221,0.00659620847597741,-1.0240763102090635,0,0
65,1.0,1,1,0.13592386911423002,0.5495694875717163,0.00798410432666733,-0.7906833459321364,0,0
66,1.0,1,1,0.13602275619662998,0.5544013381004333,0.009486080012863355,-0.6025584790321563,0,0
67,1.0,1,1,0.14103242429465956,0.5641388893127441,0.006962733233345209,-0.31014943689025215,0,0
68,1.0,1,1,0.14375206767466542,0.5549298524856567,0.005998314882680246,-0.6390400312441248,0,0
69,1.0,1,1,0.1519826162774383,0.5459466576576233,0.005063632190924719,-0.9597698677382951,0,0
70,1.0,1,1,0.15455573471442066,0.5520415306091309,0.004388618977007429,-0.762616923970945,0,0
71,1.0,1,1,0.15778043327630764,0.5590100884437561,0.004559685628970215,-0.5224718428374355,0,0
72,1.0,1,1,0.15775947302413004,0.5679047703742981,0.0035100253977920176,-0.23576127480550763,0,0
73,1.0,1,1,0.16220494817453612,0.5741798877716064,0.0036855482148103994,-0.019177421580608645,0,0
74,1.0,1,1,0.16302016664204372,0.5824167728424072,0.0031186248668795126,0.2526591259693438,0,0
75,1.0,1,1,0.16980081822010962,0.5948981642723083,0.00480446680181818,0.7043353838243467,0,1
76,1.0,1,1,0.17247297928800498,0.5779947638511658,0.004744917632002488,0.1273761161043666,0,0
77,1.0,1,1,0.17758460033850096,0.5823631286621094,0.006739331853674526,0.3074002144524617,0,0
78,1.0,1,1,0.1802339492878163,0.6011954545974731,0.006483815999327283,0.9451703038270041,0,1
79,1.0,1,1,0.18947301599396968,0.5784315466880798,0.012554865333200679,0.2642816345442873,0,0
80,1.0,1,1,0.19306070147711135,0.5745429992675781,0.012317611753503818,0.12806211110266558,0,0
81,1.0,1,1,0.1972835841376956,0.5840976238250732,0.012466355465482212,0.4559856102816961,0,0
82,1.0,1,1,0.20503280998855405,0.5833446979522705,0.016197641327552394,0.4886244530837162,0,0
83,1.0,1,1,0.21402439338909227,0.5755375027656555,0.02081202884852713,0.2946674675139457,0,0
84,1.0,1,1,0.23090029511299967,0.5828481316566467,0.03325637506445926,0.7382246589373604,0,0
85,1.0,1,1,0.23279050319904507,0.5801737308502197,0.029794428052228605,0.592998524075176,0,0
86,1.0,1,1,0.2455985713466465,0.5883433818817139,0.037143606275154915,0.9862233834269601,0,0
87,1.0,1,1,0.24368165094346067,0.5831669569015503,0.02959736784901626,0.6919219346149676,0,0
88,1.0,1,1,0.2675631986065377,0.5835955739021301,0.047014247742800344,0.9786458520999051,0,0
89,1.0,1,1,0.2521286098233785,0.5717259049415588,0.026868608204468347,0.25940372026014663,0,0
90,1.0,1,1,0.27652629785041577,0.5805933475494385,0.0426294310175525,0.8078294582850661,0,0
91,1.0,1,1,0.27110459132916975,0.5851213932037354,0.03152819091159489,0.7886913843993629,0,0
92,1.0,1,1,0.3076612135090714,0.5754624605178833,0.059651967422416685,0.8989371670644766,0,0
93,1.0,1,1,0.3220999414822257,0.602055013179779,0.06498874795119566,1.8885307307613368,0,1
94,1.0,1,1,0.3435209403930193,0.6128539443016052,0.07693639504139951,2.4432008916009766,0,1
95,1.0,1,1,0.3536100797827607,0.6004241108894348,0.0762783745085761,2.0093400757156488,0,1
96,1.0,1,1,0.38020853868022536,0.5645717978477478,0.09171065514567893,1.0286866524915874,0,0
97,1.0,1,1,0.4106107287899149,0.5778006315231323,0.10960029320596336,1.758998692908964,0,0
98,1.0,1,1,0.41367664088674905,0.5858708024024963,0.09862432420273877,1.8625252828855596,0,0
99,1.0,1,1,0.43719206549338885,0.5780600309371948,0.10908429553982506,1.7597765882681142,0,0
100,1.0,1,1,0.45695757357615396,0.5918980836868286,0.11424969203013702,2.3120485562999704,0,0
101,1.0,1,1,0.48401222366496377,0.5781802535057068,0.12620727053112488,2.0313992271967627,0,0
102,1.0,1,1,0.48167406845577965,0.5856323838233948,0.10740772552848865,1.991630528058367,0,0
103,1.0,1,1,0.4979110890909997,0.5845047235488892,0.1076460329163933,1.9569257319293327,0,0
104,1.0,1,1,0.4800916517744078,0.5751674175262451,0.0778288244339621,1.1728741431316867,0,0
105,1.0,1,1,0.4804881071305183,0.5773974657058716,0.06494258150481153,1.0475371119289905,0,0
106,1.0,1,1,0.43494330559761685,0.5534549951553345,0.04711899774210846,-0.04683893462987068,0,0
107,1.0,1,1,0.41174221327887545,0.5707401633262634,0.05147512053114444,0.6102588524794132,0,0
108,1.0,1,1,0.41864791665319867,0.582548201084137,0.04582308909582034,0.9243433929547107,0,0
109,1.0,1,1,0.40947462782241273,0.5669689774513245,0.051489322101505634,0.48196742167115714,0,0
110,1.0,1,1,0.3985831164919186,0.5593400001525879,0.06358531376682984,0.410974687557389,0,0
111,1.0,1,1,0.3787024792283408,0.5658114552497864,0.08477842087409995,0.9626235577922755,0,0
112,1.0,1,1,0.37764532398595835,0.568069577217102,0.08355641543351287,1.0204827901987334,0,0
113,1.0,1,1,0.35881962132369344,0.5794346928596497,0.09980845260286415,1.6616980911779944,0,0
114,1.0,1,1,0.3572770890823349,0.5772631764411926,0.09575295311781586,1.5243355579202058,0,0
115,1.0,1,1,0.34972861256477245,0.6028332710266113,0.09618139502867697,2.402399267552283,0,1
116,1.0,1,1,0.34126716488332726,0.575221598148346,0.09505115620296564,1.4437985541404075,0,0
117,1.0,1,1,0.33638352955649237,0.5615500807762146,0.08990572698891107,0.897513692007873,0,0
118,1.0,1,1,0.3396450662265343,0.5512547492980957,0.0752013837910671,0.3169350094741432,0,0
119,1.0,1,1,0.3232355317851676,0.55792635679245,0.08148414296863718,0.6424484965229523,0,0
120,1.0,1,1,0.32319142446220156,0.5520459413528442,0.07029592348122106,0.2672551372120875,0,0
121,1.0,1,1,0.31265623428547046,0.5632299184799194,0.0728488364339939,0.688265442992654,0,0
122,1.0,1,1,0.3185948510515197,0.5612276196479797,0.060309966049650984,0.4241270661828571,0,0
123,1.0,1,1,0.3156150715085081,0.5710085034370422,0.05566578173987886,0.6848772666018028,0,0
124,1.0,1,1,0.3136131440192934,0.568650484085083,0.05096345520667178,0.5310532550267567,0,0
125,1.0,1,1,0.3187841283807357,0.5706599354743958,0.04009084163490477,0.4296593123964808,0,0
126,1.0,1,1,0.3257491882212755,0.5563879609107971,0.030443494498911202,-0.20742475655512913,0,0
127,1.0,1,1,0.3341240997675298,0.5481477379798889,0.022851684751358924,-0.6068453669069692,0,0
128,1.0,1,1,0.3358687528691097,0.5561383962631226,0.018612137685062164,-0.40077995452227444,0,0
129,1.0,1,1,0.3472851678222763,0.5694632530212402,0.01572605147862815,0.008208819508533027,0,0
130,1.0,1,1,0.35771110055790595,0.5746412873268127,0.017152650059045958,0.20695315483227805,0,0
131,1.0,1,1,0.3825352286424027,0.5596005916595459,0.03430775983945317,-0.037571250879107385,0,0
132,1.0,1,1,0.3971708737893362,0.5632895231246948,0.04564685505167878,0.2652986414644289,0,0
133,1.0,1,1,0.40487921715906267,0.5752250552177429,0.04924621216691941,0.7282696281252223,0,0
134,1.0,1,1,0.42281399527164465,0.5674160122871399,0.061349298467080336,0.651251517824385,0,0
135,1.0,1,1,0.4338391840986552,0.578323483467102,0.06525858937913065,1.0840309006096223,0,0
136,1.0,1,1,0.47084388369998553,0.595721423625946,0.09360736399380491,2.1198278025390738,0,1
137,1.0,1,1,0.48906931315164887,0.5959143042564392,0.10095786254200642,2.2412433603913464,0,1
138,1.0,1,1,0.5220951150700285,0.5885544419288635,0.12159407577159029,2.3128520547411235,0,0
139,1.0,1,1,0.5365058319300199,0.5967696309089661,0.12111322327081489,2.585294002249705,0,1
140,1.0,1,1,0.5401822576147298,0.5770140290260315,0.10923809870200452,1.7265342446386875,0,0
141,1.0,1,1,0.5591976141092395,0.5827306509017944,0.11293680738269604,1.979131368157835,0,0
142,1.0,1,1,0.5421393799654493,0.5857920050621033,0.08338074783479181,1.6216776458067195,0,0
143,1.0,1,1,0.5956518905232064,0.5740534067153931,0.11858078797965944,1.7716112641373283,0,0
144,1.0,1,1,0.5778692673460386,0.5734207630157471,0.08596911686307811,1.240534390744599,0,0
145,1.0,1,1,0.5775556615960142,0.5737709999084473,0.07076164444173767,1.0148713308007005,0,0
146,1.0,1,1,0.5640251575758879,0.5645443201065063,0.05137870797820356,0.39761248230591906,0,0
147,1.0,1,1,0.5879878794245998,0.5751561522483826,0.054181608077282,0.8030311533121683,0,0
148,1.0,1,1,0.5261618298995734,0.571746289730072,0.04590426518020375,0.5575074558441067,0,0
149,1.0,1,1,0.5439967892698767,0.5695424675941467,0.03458929811579684,0.30562363582435403,0,0
150,1.0,1,1,0.485462044456015,0.574587345123291,0.0792528943942401,1.1753559812314402,0,0
151,1.0,1,1,0.5045386713280964,0.5727412700653076,0.06357459675825779,0.8674916043529981,0,0
152,1.0,1,1,0.4535275621502249,0.5762312412261963,0.11333648519520713,1.7638909643050893,0,0
153,1.0,1,1,0.4475156045964537,0.5845938324928284,0.11445076039756377,2.066277978694793,0,0
154,1.0,1,1,0.42462828036927625,0.5454885959625244,0.13098163981520078,0.991936703089562,0,0
155,1.0,1,1,0.41827398012538813,0.5623881220817566,0.12908208454155648,1.5381553110456911,0,0
156,1.0,1,1,0.37778305218774727,0.5751338601112366,0.15950703862320798,2.447853686555204,0,0
157,1.0,1,1,0.347470259998703,0.574019730091095,0.17808009311384493,2.7000681720394146,0,0
158,1.0,1,1,0.319856682766867,0.5843172669410706,0.1879664110225021,3.2054462028613306,0,0
159,1.0,1,1,0.2947325977467299,0.5871552228927612,0.1946610257155556,3.406752434212527,0,0
160,1.0,1,1,0.2911937834204196,0.5959454774856567,0.17799819262405983,3.4459674567545786,1,1
161,1.0,1,1,0.3064479902150938,0.5990075469017029,0.14599565788554228,3.0503148989436366,0,1
162,1.0,1,1,0.28227012818172204,0.6047590970993042,0.14732390047954497,3.2670666394795815,0,1
163,1.0,1,1,0.3228378413024251,0.590499758720398,0.10229718576066808,2.077653443862824,0,0
164,1.0,1,1,0.29798497063571255,0.619479775428772,0.09989401694220212,3.027678945792764,0,1
165,1.0,1,1,0.37217984238664087,0.6001129150390625,0.0709676333555058,1.9157613452783786,0,1
166,1.0,1,1,0.3711227348779621,0.5829612016677856,0.05839395581855902,1.1348220565545115,0,0
167,1.0,1,1,0.4395251887261176,0.5760409832000732,0.0823292586464404,1.272957075707846,0,0
168,1.0,1,1,0.45831599560931047,0.5656014680862427,0.09162436965067662,1.0624273321177478,0,0
169,1.0,1,1,0.48636736386990337,0.5761078000068665,0.1168871980907525,1.815159957901998,0,0
170,1.0,1,1,0.4996528101550426,0.5681576132774353,0.1253088312512835,1.675813749221807,0,0
171,1.0,1,1,0.5148827733628514,0.5686060786247253,0.13183381174714262,1.7930413254566195,0,0
172,1.0,1,1,0.5049713760287062,0.5724166035652161,0.11175134916292226,1.609131085243571,0,0
173,1.0,1,1,0.5059637552199141,0.5825053453445435,0.10019143734110243,1.7723225151185333,0,0
174,1.0,1,1,0.5036725473639712,0.583585262298584,0.08560578135327235,1.5812403961621904,0,0
175,1.0,1,1,0.5127912606131513,0.5664437413215637,0.07607980744286377,0.8482651160644242,0,0
176,1.0,1,1,0.5159449350520506,0.5759122371673584,0.06441520944740234,0.9886844010720274,0,0
177,1.0,1,1,0.5162058651322858,0.5714115500450134,0.04941107236193585,0.6008899117060986,0,0
178,1.0,1,1,0.5221266533046508,0.5767908692359924,0.039952880784589695,0.6364319176401131,0,0
179,1.0,1,1,0.5231241420270121,0.5709108710289001,0.025497193562968378,0.2102025534750743,0,0
180,1.0,1,1,0.5104989926525803,0.5724658370018005,0.023062677987526956,0.22515585073156308,0,0
181,1.0,1,1,0.5271311560339744,0.5808154344558716,0.009941286300224896,0.304685024450287,0,0
182,1.0,1,1,0.521879485941309,0.582614004611969,0.009880496907804782,0.36502638484066086,0,0
183,1.0,1,1,0.5371574619040236,0.5745829343795776,0.0071465973162123065,0.04863217426257893,0,0
184,1.0,1,1,0.5378797591895712,0.5632450580596924,0.004776774831281334,-0.37476209425369417,0,0
185,1.0,1,1,0.559523681023306,0.5717178583145142,0.021883864126639917,0.18124892507150453,0,0
186,1.0,1,1,0.5483505813577054,0.5725162029266357,0.009489342808578783,0.014805293951005327,0,0
187,1.0,1,1,0.5652044877831894,0.5834490656852722,0.02127751995870526,0.5715480114084652,0,0
188,1.0,1,1,0.562634459222106,0.5836217999458313,0.0158829906076584,0.4931514135084725,0,0
189,1.0,1,1,0.580354215846141,0.582342267036438,0.027984201991556098,0.6386146455031743,0,0
190,1.0,1,1,0.5781105453945559,0.5861367583274841,0.02160618803032709,0.6682734154527212,0,0
191,1.0,1,1,0.593174795681014,0.5827860236167908,0.031538455713893805,0.7092677525106529,0,0
192,1.0,1,1,0.5875895079576169,0.5885175466537476,0.021703902380092,0.7509318565602626,0,0
193,1.0,1,1,0.6063116764280776,0.59049391746521,0.034501637517979175,1.0182311142874871,0,0
194,1.0,1,1,0.6136981234222303,0.5873184204101562,0.03594611776919863,0.9325857548825209,0,0
195,1.0,1,1,0.6176426735825387,0.5994077324867249,0.03251930144596056,1.2910217643029753,0,1
196,1.0,1,1,0.6228589829482531,0.6052998900413513,0.03127050241534903,1.47230192712476,0,1
197,1.0,1,1,0.623979590600498,0.5893022418022156,0.025389259559263272,0.8352516959165593,0,0
198,1.0,1,1,0.6214026552247013,0.6075748801231384,0.019048740802801688,1.3588781274709922,0,1
199,1.0,1,1,0.6235898308259505,0.5970160961151123,0.015563014541651182,0.9445988832682335,0,1
200,1.0,1,1,0.627175820018496,0.5793007016181946,0.013949339694475645,0.31568740090066794,0,0
201,1.0,1,1,0.6150359039933018,0.5713970065116882,0.013002220199193544,0.03155011413950087,0,0
202,1.0,1,1,0.6185236879804781,0.5896456241607666,0.011785841241652772,0.6344164505216813,0,0
203,1.0,1,1,0.6118557148307109,0.5818570256233215,0.0168710910715124,0.44844984873758004,0,0
204,1.0,1,1,0.6227390766194174,0.5885328054428101,0.011170920859632073,0.5868867706021326,0,0
205,1.0,1,1,0.622488843640004,0.5968316197395325,0.01261459663869885,0.892246897791315,0,1
206,1.0,1,1,0.62318643742772,0.5881527662277222,0.013577590458647898,0.6115372066400584,0,0
207,1.0,1,1,0.6171420400089366,0.5964047908782959,0.02165912358175274,1.0190113265654759,0,1
208,1.0,1,1,0.59460227515934,0.5873151421546936,0.04497248582998205,1.07350010049064,0,0
209,1.0,1,1,0.5983185997950367,0.5795108079910278,0.04005201803812101,0.7306700539647135,0,0
210,1.0,1,1,0.5918678407548295,0.5768489241600037,0.04496264008803606,0.7166817127840323,0,0
211,1.0,1,1,0.5980963589560276,0.5794685482978821,0.03703919967356412,0.6821583057208015,0,0
212,1.0,1,1,0.5757017893606955,0.5813912153244019,0.057066236208034735,1.060576534778306,0,0
213,1.0,1,1,0.5837904646123615,0.5668787956237793,0.04649768091669165,0.40090588942761585,0,0
214,1.0,1,1,0.5579156783679062,0.5756374001502991,0.06874518776671008,1.046969252983454,0,0
215,1.0,1,1,0.5655711754010907,0.5563939213752747,0.056865122677880894,0.20558427960003525,0,0
216,1.0,1,1,0.5564502013483681,0.5643450021743774,0.061730316911762444,0.5525515305124065,0,0
217,1.0,1,1,0.5561592650271374,0.5780189633369446,0.05758743275927097,0.9538010324693309,0,0
218,1.0,1,1,0.5581428672593313,0.568112313747406,0.05162551268396474,0.5230574973405995,0,0
219,1.0,1,1,0.5310451294252909,0.5747900605201721,0.07410923556371321,1.1019006191080267,0,0
220,1.0,1,1,0.5402245010052497,0.5711538195610046,0.059338451394497276,0.747210316886955,0,0
221,1.0,1,1,0.5363213096706727,0.5615108013153076,0.05638713385147213,0.37248774537994034,0,0
222,1.0,1,1,0.5095505727258389,0.5730937123298645,0.07737333647920468,1.0950906075827478,0,0
223,1.0,1,1,0.5221372433570375,0.5728991031646729,0.06013858253615547,0.8191866344309693,0,0
224,1.0,1,1,0.5193760578394411,0.5821777582168579,0.0566927300060378,1.081544519998635,0,0
225,1.0,1,1,0.5465436485450303,0.5742929577827454,0.0341117228364295,0.4600478454398962,0,0
226,1.0,1,1,0.5646986671114163,0.5958418846130371,0.026843264720075494,1.0808247019794828,0,1
227,1.0,1,1,0.5741504680442697,0.5705819725990295,0.024439124581360216,0.18246340841445977,0,0
228,1.0,1,1,0.6172314071191345,0.5646898746490479,0.05215897441518066,0.4147633626636585,0,0
229,1.0,1,1,0.6228455505952586,0.5583214163780212,0.05353628012335988,0.21925973151126532,0,0
230,1.0,1,1,0.6455784645564107,0.5723966360092163,0.07217816728492854,0.9901676328667308,0,0
231,1.0,1,1,0.6456380027770279,0.5781652331352234,0.06623395304451205,1.0938769695704136,0,0
232,1.0,1,1,0.6599908061182681,0.5627795457839966,0.07383286592121933,0.6882920487817396,0,0
233,1.0,1,1,0.6535656815282517,0.5789704322814941,0.061421821010910135,1.0461325678704547,0,0
234,1.0,1,1,0.6653852083127587,0.57015061378479,0.06320094733271726,0.7733701964798523,0,0
235,1.0,1,1,0.661820546598917,0.5756192803382874,0.052428311043025345,0.7914203488487264,0,0
236,1.0,1,1,0.6558733206776615,0.5849276185035706,0.043111098019511886,0.9630568748017091,0,0
237,1.0,1,1,0.6653375065957472,0.5904871225357056,0.0372484914904115,1.060915822900118,0,0
238,1.0,1,1,0.6615258065128591,0.578110933303833,0.02860665717509094,0.5041456629349799,0,0
239,1.0,1,1,0.6684585801084597,0.5737781524658203,0.0213421286604224,0.24299503583063714,0,0
240,1.0,1,1,0.6722970278399896,0.5746732354164124,0.015593480513808603,0.18368173757948603,0,0
241,1.0,1,1,0.6784439466874486,0.5649165511131287,0.012563052052938272,-0.196150323110404,0,0
242,1.0,1,1,0.673520494826142,0.5754957795143127,0.007031156984356727,0.0779362149200632,0,0
243,1.0,1,1,0.6739543178175685,0.5592561364173889,0.0069384306238471785,-0.47692208811176034,0,0
244,1.0,1,1,0.6550784271374186,0.5688151717185974,0.02735850026863732,0.1678666178856708,0,0
245,1.0,1,1,0.6587509123749654,0.574455738067627,0.0245181670211831,0.3157073397338706,0,0
246,1.0,1,1,0.6525403708344146,0.5627500414848328,0.031511761727280256,0.02607065049822377,0,0
247,1.0,1,1,0.6419370741156064,0.5688852071762085,0.0415828844972418,0.39249202829993673,0,0
248,1.0,1,1,0.6382671891144519,0.5587179064750671,0.04442215468320736,0.09037403549217418,0,0
249,1.0,1,1,0.6431461554858768,0.5763221979141235,0.037932124622477977,0.5888888145082903,0,0
250,1.0,1,1,0.6286223616954112,0.5743308067321777,0.05079609565143757,0.7220107540772926,0,0
251,1.0,1,1,0.6252780662409221,0.559863269329071,0.05219389403576595,0.25082936682605234,0,0
252,1.0,1,1,0.6227564405704487,0.5582668781280518,0.05185413110946615,0.19111965421449695,0,0
253,1.0,1,1,0.6469687499591925,0.5644621253013611,0.031824719265747266,0.0893040988050106,0,0
254,1.0,1,1,0.6180963522345768,0.5792416334152222,0.0522099911530753,0.9114507999597714,0,0
255,1.0,1,1,0.6629219710344486,0.5736140012741089,0.024198164860332445,0.2820232460803278,0,0
256,1.0,1,1,0.636328018045174,0.5927661061286926,0.03131511135272104,1.0458764519188337,0,0
257,1.0,1,1,0.6043182639499332,0.586599588394165,0.05835128457776321,1.258143194700063,0,0
258,1.0,1,1,0.5966686102804812,0.574542760848999,0.06102693439952688,0.8890781169846721,0,0
259,1.0,1,1,0.5874924890450628,0.5838828086853027,0.0660309258594498,1.2855466981119013,0,0
260,1.0,1,1,0.590244464128335,0.5740905404090881,0.05821114517916594,0.829674193996917,0,0
261,1.0,1,1,0.5912017249588798,0.5748409628868103,0.05278209494306264,0.7704245306132185,0,0
262,1.0,1,1,0.5870136418865848,0.578277587890625,0.05334622450416289,0.8963506218777351,0,0
263,1.0,1,1,0.5900339649483742,0.5856227278709412,0.04672535099243819,1.0432129204006249,0,0
264,1.0,1,1,0.587643801213271,0.5701279044151306,0.045261369622807426,0.4923121546143492,0,0
265,1.0,1,1,0.5879335741719853,0.5767580270767212,0.042044556629654485,0.6679926325985178,0,0
266,1.0,1,1,0.5940219579757149,0.5868967175483704,0.0339564709315674,0.8871292739876618,0,0
267,1.0,1,1,0.5915865572795864,0.593328058719635,0.03367164676036264,1.1018445092140752,0,0
268,1.0,1,1,0.6007731906664251,0.5732457637786865,0.022805263332283075,0.24771216371407018,0,0
269,1.0,1,1,0.5967343133081975,0.5842486023902893,0.023330651142626023,0.630872063849519,0,0
270,1.0,1,1,0.6029454560972235,0.5886828899383545,0.013706861395336051,0.6316223012212889,0,0
271,1.0,1,1,0.6026479631449471,0.586410641670227,0.010503505631675555,0.5041407717997715,0,0
272,1.0,1,1,0.6089435657511644,0.5901297330856323,0.006266684631046853,0.5646836328453273,0,0
273,1.0,1,1,0.619691717733279,0.5746884346008301,0.007576040244654676,0.058936903647838046,0,0
274,1.0,1,1,0.6252932099928079,0.5667464137077332,0.00947082535045692,-0.1821051224858326,0,0
275,1.0,1,1,0.6278145130093093,0.564411461353302,0.009311676388315685,-0.2641614207930579,0,0
276,1.0,1,1,0.639142499921205,0.5881864428520203,0.01801359278505189,0.6819919882065413,0,0
277,1.0,1,1,0.6477476173814014,0.5819181799888611,0.022895220385632596,0.5446535676974146,0,0
278,1.0,1,1,0.6534728684549613,0.5839419364929199,0.02449806771397629,0.6386610666742001,0,0
279,1.0,1,1,0.66200662701196,0.5815415382385254,0.02832975003942565,0.6167264250839302,0,0
280,1.0,1,1,0.6637569586399523,0.5860845446586609,0.024910159460192677,0.7181146432727128,0,0
281,1.0,1,1,0.6735866924821757,0.5926620960235596,0.029637811687911943,1.0161262531495274,0,0
282,1.0,1,1,0.6706577560619916,0.5908834338188171,0.02164119975576956,0.8305761796819517,0,0
283,1.0,1,1,0.6743864314844616,0.5921734571456909,0.020216510103546626,0.8522781490211362,0,0
284,1.0,1,1,0.6765513822575602,0.5808228850364685,0.016958438670998877,0.41457342404937303,0,0
285,1.0,1,1,0.6822416512756283,0.5858726501464844,0.016887524642618727,0.585549821624874,0,0
286,1.0,1,1,0.6827820957935545,0.5726229548454285,0.012330408031060974,0.06283135375807575,0,0
287,1.0,1,1,0.6813582888560035,0.5703563094139099,0.008884021792001979,-0.06825630054469994,0,0
288,1.0,1,1,0.6835543681930255,0.5832101106643677,0.007191333097890132,0.34332537841195115,0,0
289,1.0,1,1,0.6809023948998353,0.5755566358566284,0.008040085795039056,0.09577334849369212,0,0
290,1.0,1,1,0.6794815679000747,0.5661397576332092,0.010005987005029245,-0.1944173094947055,0,0
291,1.0,1,1,0.677892196486233,0.5752087235450745,0.013908801615185488,0.1756088714802856,0,0
292,1.0,1,1,0.6788547130673245,0.5763607025146484,0.015099469255867696,0.23346839552895532,0,0
293,1.0,1,1,0.6789459185348592,0.5773323774337769,0.01682125268921606,0.2934816141128533,0,0
294,1.0,1,1,0.6755704263431619,0.594085693359375,0.021406694275406167,0.936037932147204,0,0
295,1.0,1,1,0.6801206398535855,0.5796133875846863,0.017979272874214806,0.38930583881322656,0,0
296,1.0,1,1,0.6790377479696307,0.5870720148086548,0.019249902297124474,0.6633306895946217,0,0
297,1.0,1,1,0.6793285496061339,0.5883379578590393,0.01955767151116693,0.711279628717896,0,0
298,1.0,1,1,0.6736045372071995,0.5761326551437378,0.025634692347363618,0.390297159428308,0,0
299,1.0,1,1,0.6726690884571834,0.5809289216995239,0.02635965216521105,0.5650694754362673,0,0
300,1.0,1,1,0.6566931109444789,0.579979658126831,0.0416518751908838,0.7716432137714214,0,0
301,1.0,1,1,0.65530493632181,0.5900847315788269,0.04117655089576162,1.1085744349506175,0,0
302,1.0,1,1,0.6346160253059383,0.5744897723197937,0.060004508159190895,0.8712982193485118,0,0
303,1.0,1,1,0.645558010878005,0.5776718258857727,0.04675900994871283,0.7727904067398668,0,0
304,1.0,1,1,0.6304782609232514,0.5692958235740662,0.05812207776266937,0.6648897369662484,0,0
305,1.0,1,1,0.6343012525556868,0.5652115941047668,0.05097393406546558,0.41402753872453263,0,0
306,1.0,1,1,0.6261770890460545,0.5698196887969971,0.05580937457505419,0.6466086707080017,0,0
307,1.0,1,1,0.632542327540114,0.5844305157661438,0.046219710921855,0.994685069465156,0,0
308,1.0,1,1,0.633963055926877,0.5718890428543091,0.041316344005375975,0.49069144513972834,0,0
309,1.0,1,1,0.6250738305970133,0.5743669271469116,0.04686344835035971,0.6617988067584408,0,0
310,1.0,1,1,0.6153685672826217,0.581967294216156,0.052636796717853276,1.0110033506349503,0,0
311,1.0,1,1,0.607693196855168,0.5844874382019043,0.05576436852480633,1.1457485616548302,0,0
312,1.0,1,1,0.5860483415283639,0.5670790076255798,0.0722924129408271,0.8107400771453941,0,0
313,1.0,1,1,0.600709404757859,0.5563141107559204,0.05310071582457133,0.14405022322307015,0,0
314,1.0,1,1,0.5838646263720647,0.5740739107131958,0.06308213671297204,0.9052108314047901,0,0
315,1.0,1,1,0.5935215842362471,0.5675590634346008,0.04923165213172859,0.46680283345877327,0,0
316,1.0,1,1,0.5993678043554673,0.5767593383789062,0.04031911936084363,0.6410794526564214,0,0
317,1.0,1,1,0.5710201873376699,0.5814992785453796,0.06379371448962055,1.169367774453425,0,0
318,1.0,1,1,0.5941577900767235,0.5736247301101685,0.038266295803636,0.5021863554700507,0,0
319,1.0,1,1,0.5954006083193806,0.5903011560440063,0.034235646164120455,1.0075064573004664,0,0
320,1.0,1,1,0.6021678766305663,0.5854880213737488,0.026671738616154274,0.7253090453948071,0,0
321,1.0,1,1,0.584676425750548,0.5913588404655457,0.03819212643444801,1.1053651108964713,0,0
322,1.0,1,1,0.6070471247947189,0.567682683467865,0.019302992055091773,0.0034164787999195756,0,0
323,1.0,1,1,0.5966487885947825,0.582377552986145,0.022814649138498722,0.5590491114216709,0,0
324,1.0,1,1,0.6335180146228339,0.5773059129714966,0.022224558224586,0.3769998664843539,0,0
325,1.0,1,1,0.621098267885002,0.5870935320854187,0.01197217061042778,0.5503582117459865,0,0
326,1.0,1,1,0.662031638245122,0.6022194027900696,0.04474777267444341,1.5778920427400607,0,1
327,1.0,1,1,0.6510407555355822,0.5850666761398315,0.030270695243269762,0.7671799073808857,0,0
328,1.0,1,1,0.6788747825274263,0.5933853387832642,0.0525684421357133,1.3990360064375602,0,0
329,1.0,1,1,0.6772321176445184,0.5846878290176392,0.04474506145318109,0.9804141006890708,0,0
330,1.0,1,1,0.6898991069137987,0.6039255857467651,0.050827002981826276,1.731015426649925,0,1
331,1.0,1,1,0.6931135789663018,0.5848001837730408,0.047574953423019914,1.0284565237094399,0,0
332,1.0,1,1,0.691609138616357,0.5886471271514893,0.03843335887668633,1.0167251425896515,0,0
333,1.0,1,1,0.699860185126546,0.5887627601623535,0.03863979242838807,1.0238909228407125,0,0
334,1.0,1,1,0.6960597846225691,0.5863768458366394,0.029694693167721217,0.8028281332985421,0,0
335,1.0,1,1,0.7032162572506933,0.5881758332252502,0.028131567806291412,0.8397115333259324,0,0
336,1.0,1,1,0.6997224771436742,0.5890681147575378,0.02014822516409032,0.7453883761593917,0,0
337,1.0,1,1,0.7012268188555377,0.5916900634765625,0.016272329314926386,0.774182163666238,0,0
338,1.0,1,1,0.6918746027182533,0.5734798312187195,0.01625119296055539,0.15328923596856514,0,0
339,1.0,1,1,0.6976220608785481,0.5711688995361328,0.013140834496231404,0.025942435128247954,0,0
340,1.0,1,1,0.6850675718721786,0.5978413224220276,0.022548981193030414,1.081867953648449,0,1
341,1.0,1,1,0.7028189310918022,0.5806879997253418,0.011223345638801162,0.3203729661808123,0,0
342,1.0,1,1,0.6815350609388384,0.583724856376648,0.03138813098655282,0.738912365069913,0,0
343,1.0,1,1,0.6885964689322839,0.5690289735794067,0.02515445793621435,0.1407170018396583,0,0
344,1.0,1,1,0.6787300923127353,0.5872159600257874,0.03519485887688292,0.9173566317297338,0,0
345,1.0,1,1,0.6823268848462821,0.5840309262275696,0.030943049576995018,0.7423886617902591,0,0
346,1.0,1,1,0.6701576163273975,0.5851849913597107,0.04219906995357197,0.9575782147348745,0,0
347,1.0,1,1,0.6730076824102258,0.595924437046051,0.037852847062307335,1.2556492789001452,0,1
348,1.0,1,1,0.6550870570418541,0.5951273441314697,0.053819341738738195,1.47794331947693,0,1
349,1.0,1,1,0.6776811773818283,0.5996875166893005,0.031155271963365993,1.2792448569021724,0,1
350,1.0,1,1,0.6650684612271565,0.5989850163459778,0.03977117973425114,1.389918382561677,0,1
351,1.0,1,1,0.6872467717033077,0.5896071791648865,0.022472471860711527,0.8000719849932769,0,0
352,1.0,1,1,0.6788324842264455,0.6043025851249695,0.02498164303133266,1.3400602709397218,0,1
353,1.0,1,1,0.6871148162489457,0.5962520241737366,0.01820412944160232,0.9598252937755587,0,1
354,1.0,1,1,0.6870172141724769,0.5838109254837036,0.01639621204144035,0.5076148383367589,0,0
355,1.0,1,1,0.7081968818019044,0.5904677510261536,0.01616667467046013,0.7308778499053483,0,0
356,1.0,1,1,0.7571482114039164,0.5899368524551392,0.05762492981113393,1.3605210407405242,0,0
357,1.0,1,1,0.7713851427429229,0.5941811800003052,0.06646092183120629,1.6432095963761881,0,0
358,1.0,1,1,0.8273499093815412,0.5753478407859802,0.11651221176906464,1.7834035943611433,0,0
359,1.0,1,1,0.810205296614221,0.6032792329788208,0.09157218569179017,2.345583312362235,0,1
360,1.0,1,1,0.8645084393545613,0.5707743763923645,0.13392086825374586,1.8995396387361314,0,0
361,1.0,1,1,0.8451178916607641,0.5651646256446838,0.10378925467103693,1.2376023342628757,0,0
362,1.0,1,1,0.9085724300443396,0.5714328289031982,0.15180907092368828,2.2014596672313513,0,0
363,1.0,1,1,0.9104770327169239,0.573152482509613,0.13570654694249765,2.0084790733328823,0,0
364,1.0,1,1,0.9352297572145183,0.565552294254303,0.14373202464118257,1.8748705561272472,0,0
365,1.0,1,1,0.9331340536784358,0.5760066509246826,0.1230095294107864,1.907367037177527,0,0
366,1.0,1,1,0.94578998209298,0.5735380053520203,0.1174316368080379,1.7360934806051185,0,0
367,1.0,1,1,0.9486691340638607,0.575329065322876,0.10124239607416606,1.5441914066866504,0,0
368,1.0,1,1,0.9616791354282858,0.5697233080863953,0.09556994616609724,1.2645349797664804,0,0
369,1.0,1,1,0.9632283609900332,0.5616014003753662,0.0776502026432376,0.707784831330519,0,0
370,1.0,1,1,0.9695704767166339,0.5744696259498596,0.06562604456559265,0.9584413705930749,0,0
371,1.0,1,1,0.9713627580738207,0.5764017701148987,0.052360324291901884,0.8170235843633396,0,0
372,1.0,1,1,0.9761590553781927,0.5757182240486145,0.04275748889546468,0.6436972471802687,0,0
373,1.0,1,1,0.9784808800935839,0.5539860725402832,0.034489457165668126,-0.22606230723939083,0,0
374,1.0,1,1,0.9773479320923629,0.5756020545959473,0.023033951770891795,0.3315820976369505,0,0
375,1.0,1,1,0.9781426970625895,0.5692668557167053,0.01739754214488309,0.02763106834262452,0,0
376,1.0,1,1,0.9811192921909463,0.5566778779029846,0.01049317292786959,-0.509244649158881,0,0
377,1.0,1,1,0.97918643890452,0.5699988603591919,0.009148845262900806,-0.07629979379898011,0,0
378,1.0,0,1,0.9846075291130006,0.5589244365692139,0.006031665243738518,-0.5023927636508686,0,0
379,1.0,0,1,0.9824291637990389,0.5713505148887634,0.007427710424732281,-0.05712917201604045,0,0
380,1.0,0,1,0.9799974731698112,0.5828603506088257,0.010752534596411753,0.3870458199791928,0,0
381,1.0,0,1,0.980681522964818,0.569837212562561,0.012511877021178607,-0.0292650825003824,0,0
382,1.0,0,1,0.9771237109392511,0.5721576809883118,0.018356288253956778,0.14112296937695462,0,0
383,1.0,0,1,0.9768482589778891,0.5533565878868103,0.019734924180387758,-0.478035387180369,0,0
384,1.0,0,1,0.9775773872052276,0.5678430795669556,0.019978645809324676,0.019438678782741747,0,0
