frame,label,valid,inference_valid,phase,feature_raw,time_raw,score,alarm,evidence_type
8,0.0,0,0,0.17054746241880808,0.2738911807537079,nan,nan,0,0
9,0.0,0,0,0.17037169952286754,0.2738133370876312,nan,nan,0,0
10,0.0,0,0,0.1706888459283282,0.26967179775238037,nan,nan,0,0
11,0.0,0,0,0.17031298331912972,0.2737959027290344,nan,nan,0,0
12,0.0,0,0,0.17044200657792608,0.2785286009311676,nan,nan,0,0
13,0.0,0,0,0.17140395545467935,0.27793803811073303,nan,nan,0,0
14,0.0,0,0,0.17045969283110354,0.27875736355781555,nan,nan,0,0
15,0.0,0,0,0.17147795505224475,0.281810998916626,nan,nan,0,0
16,0.0,0,0,0.17175318746751894,0.2807981073856354,nan,nan,0,0
17,0.0,0,0,0.17200968456925247,0.27778443694114685,nan,nan,0,0
18,0.0,0,0,0.1720148940391617,0.2767179310321808,nan,nan,0,0
19,0.0,0,0,0.1736726277181404,0.2735779285430908,nan,nan,0,0
20,0.0,0,0,0.17533695021732282,0.2739012539386749,nan,nan,0,0
21,0.0,0,0,0.17685468782448008,0.2727642059326172,nan,nan,0,0
22,0.0,0,0,0.17851096981900183,0.2764625549316406,0.00447492365788227,-1.1866190497581566,0,0
23,0.0,0,0,0.1794341591574524,0.27621138095855713,0.0038995360894306503,-1.281569858035418,0,0
24,0.0,0,0,0.17930427410846142,0.27662163972854614,0.004641059387342847,-1.1574665050665103,0,0
25,0.0,0,0,0.17920798410892017,0.27659785747528076,0.005352737114036464,-1.0467352582495657,0,0
26,0.0,0,0,0.17897557926621283,0.2808445692062378,0.0062204991560145416,-0.8259329948730298,0,0
27,0.0,0,0,0.17889741089197145,0.2780035138130188,0.0069082084365621275,-0.7754713837702286,0,0
28,0.0,0,0,0.17901713133270186,0.28101369738578796,0.007323734812781155,-0.6501455513318137,0,0
29,0.0,0,1,0.1783988743067164,0.2766774594783783,0.008553237446023635,-0.5450206100018703,0,0
30,0.0,0,1,0.17846218273026926,0.28028973937034607,0.008984280397790161,-0.4051899811415393,0,0
31,0.0,0,1,0.17845442171384415,0.2788807153701782,0.00947125536155458,-0.3573640600344024,0,0
32,0.0,0,1,0.178257147256125,0.2697550654411316,0.01012886818674459,-0.4376961553307058,0,0
33,0.0,0,1,0.1785145352117025,0.27162966132164,0.010317355460950159,-0.37063180405188045,0,0
34,0.0,0,1,0.17805743885023367,0.2710464596748352,0.011120302357673426,-0.25686251985762,0,0
35,0.0,0,1,0.17676604876256713,0.27108198404312134,0.01260601306197646,-0.023989200018208146,0,0
36,0.0,0,1,0.17569105301531954,0.27090778946876526,0.013674677447658835,0.13950781176757399,0,0
37,0.0,0,1,0.17437225531778147,0.26729002594947815,0.01479205251636245,0.24152652982023048,0,0
38,0.0,0,1,0.17392270421660336,0.2714841961860657,0.01488003905756408,0.3394251121897946,0,0
39,0.0,0,1,0.1741826809786181,0.2740149199962616,0.014235664446130883,0.2895087483655663,0,0
40,0.0,0,1,0.17422461992171634,0.2715206742286682,0.01383477527943965,0.17682166195064375,0,0
41,0.0,0,1,0.1745953943907958,0.2734936773777008,0.013124646571467594,0.10544060054531887,0,0
42,0.0,0,1,0.17462516947374887,0.27680084109306335,0.012787584595573403,0.11912369484474039,0,0
43,0.0,0,1,0.1744569077317861,0.27544113993644714,0.012642134776182392,0.06911504952469982,0,0
44,0.0,0,1,0.1743771722264526,0.2754373848438263,0.012440301240449437,0.03750073601554155,0,0
45,0.0,1,1,0.17516490019428793,0.2801070809364319,0.011360786808055776,-0.037496375652880776,0,0
46,0.0,1,1,0.1758676049520023,0.27549517154693604,0.01042311622751597,-0.27654984008095446,0,0
47,0.0,1,1,0.17682729083926804,0.2709360420703888,0.009292748747098595,-0.5446556179409217,0,0
48,0.0,1,1,0.1774079727384928,0.2697654068470001,0.008591549392699961,-0.6777136476621302,0,0
49,0.0,1,1,0.17728479255548713,0.26481500267982483,0.008668339139152704,-0.7650365833690069,0,0
50,0.0,1,1,0.17718466762803317,0.25617286562919617,0.008805517194672383,-0.9169920694379984,0,0
51,0.0,1,1,0.17791494343710715,0.2590774893760681,0.00818192814364936,-0.9561587040741208,0,0
52,0.0,1,1,0.17781941109393065,0.26502108573913574,0.008530509638206278,-0.7824393977685391,0,0
53,0.0,1,1,0.17785026537578438,0.2671898603439331,0.008777991561875932,-0.7002541610497824,0,0
54,0.0,1,1,0.1779864914186076,0.26227739453315735,0.008903735833136013,-0.77916617489583,0,0
55,0.0,1,1,0.17727604918766746,0.2622316777706146,0.009882883170996951,-0.6270795927143871,0,0
56,0.0,1,1,0.17715752754313716,0.26440227031707764,0.01019288015816094,-0.5350891339212628,0,0
57,0.0,1,1,0.1776376105765401,0.2634071409702301,0.009893679844000016,-0.6018086107548926,0,0
58,0.0,1,1,0.17762788470961033,0.2653762400150299,0.010130598771269369,-0.5252801565133275,0,0
59,0.0,1,1,0.1785696437440814,0.2622789740562439,0.009421033485595254,-0.6983003611357176,0,0
60,0.0,1,1,0.17831678549915816,0.2629934251308441,0.009917087698360907,-0.6064514202400164,0,0
61,0.0,1,1,0.17766082383515655,0.26457318663597107,0.010747990830016504,-0.4449170871472052,0,0
62,0.0,1,1,0.1775253926126711,0.26809921860694885,0.010942960123636828,-0.3437063044841656,0,0
63,0.0,1,1,0.17663257314613232,0.2630043923854828,0.01184416672404551,-0.30510157044860975,0,0
64,0.0,1,1,0.17534613874416574,0.2640969455242157,0.013084014025343883,-0.08943976892919325,0,0
65,0.0,1,1,0.17504178969931491,0.2669185400009155,0.013257039578489897,-0.005791425237552605,0,0
66,0.0,1,1,0.17459662677495366,0.2657963037490845,0.01349697723586599,0.009185834164113504,0,0
67,0.0,1,1,0.17325015789117862,0.26108452677726746,0.014613247239714102,0.08908216771691985,0,0
68,0.0,1,1,0.1725202077216699,0.26554349064826965,0.015014618303179553,0.24126361634770954,0,0
69,0.0,1,1,0.1711185414320285,0.2656903862953186,0.016025835757325396,0.4022260218166292,0,0
70,0.0,1,1,0.1697402472971054,0.26421815156936646,0.016964307909702856,0.5193357074744724,0,0
71,0.0,1,1,0.16848854398344446,0.25830182433128357,0.017686205491504407,0.5134390413004553,0,0
72,0.0,1,1,0.16720406704157867,0.26006197929382324,0.018317177676720496,0.6473510225164587,0,0
73,0.0,1,1,0.16638985465898667,0.26126810908317566,0.018386831654453095,0.6824344606819566,0,0
74,0.0,1,1,0.16588666629838897,0.26405206322669983,0.018020035080401176,0.6809737593636896,0,0
75,0.0,1,1,0.16459196009811003,0.260793000459671,0.018426875623482313,0.6791594966106399,0,0
76,0.0,1,1,0.16470154654162536,0.256916344165802,0.017383798913035087,0.438386754837899,0,0
77,0.0,1,1,0.16471110433380118,0.2587374448776245,0.016458252115784573,0.33029627669520933,0,0
78,0.0,1,1,0.16425728004539317,0.2623322010040283,0.016060542917597502,0.3402725976052008,0,0
79,0.0,1,1,0.16388106700491462,0.2604289650917053,0.015644694622449423,0.2371056709666315,0,0
80,0.0,1,1,0.16420195978519622,0.2637631297111511,0.014526607363996386,0.12928568688951236,0,0
81,0.0,1,1,0.16359977004921228,0.26148757338523865,0.01438632088642621,0.06170864585558172,0,0
82,0.0,1,1,0.16294051466178072,0.26539507508277893,0.014356262856574483,0.13540974634977893,0,0
83,0.0,1,1,0.162940254931491,0.2635425627231598,0.01367225879687212,-0.008642127494527918,0,0
84,0.0,1,1,0.16284301031359696,0.2654173672199249,0.013185340093299176,-0.04711408490076585,0,0
85,0.0,1,1,0.1632314888092569,0.2632941007614136,0.012304201813102933,-0.22740287259796396,0,0
86,0.0,1,1,0.16367368431886975,0.262297123670578,0.011486502362476681,-0.37518129129239236,0,0
87,0.0,1,1,0.16361926283600306,0.2638585865497589,0.011288753650864162,-0.3747535991912698,0,0
88,0.0,1,1,0.16380049405999106,0.2614284157752991,0.010909623010948761,-0.4827550814688378,0,0
89,0.0,1,1,0.16382024423287087,0.2574426829814911,0.010740860535326247,-0.5890939193801698,0,0
90,0.0,1,1,0.16437006687794944,0.2553366422653198,0.010135915328444853,-0.7258785329409828,0,0
91,0.0,1,1,0.16309224288316976,0.259578675031662,0.011390062204390566,-0.44479276142163116,0,0
92,0.0,1,1,0.16278164458821787,0.2557927668094635,0.011585027538583065,-0.4902854797155665,0,0
93,0.0,1,1,0.16225882465497513,0.25564295053482056,0.012002444939170428,-0.42806470907045086,0,0
94,0.0,1,1,0.16150455034839137,0.2564782500267029,0.012640844792187075,-0.31154787203712,0,0
95,0.0,1,1,0.1620507383056849,0.2547184228897095,0.011901984732264639,-0.4623120838152861,0,0
96,0.0,1,1,0.1630994761455336,0.2563183903694153,0.010742601767878243,-0.6113790398549974,0,0
97,0.0,1,1,0.16368779471779923,0.25844576954841614,0.010165637587309265,-0.6588541867666304,0,0
98,0.0,1,1,0.1641236222378936,0.25620386004447937,0.0097832057662369,-0.7635943451338539,0,0
99,0.0,1,1,0.16463429343899755,0.25767654180526733,0.009364006845439865,-0.7995522301287172,0,0
100,0.0,1,1,0.1656932080252926,0.25970950722694397,0.008405292589840583,-0.9085747907850321,0,0
101,0.0,1,1,0.16698747909423597,0.2561720609664917,0.007255273214213091,-1.1592529099752258,0,0
102,0.0,1,1,0.1678607827673057,0.25824666023254395,0.006622556416731454,-1.2164990373864932,0,0
103,0.0,1,1,0.16864401005424906,0.25669240951538086,0.006129349751739138,-1.3247523076394807,0,0
104,0.0,1,1,0.16878711027550805,0.2566475570201874,0.006330804232007192,-1.294172463020978,0,0
105,0.0,1,1,0.16862959092296181,0.2572282552719116,0.006803826684379016,-1.2086060636283886,0,0
106,0.0,1,1,0.16761424688825574,0.25776201486587524,0.008214695579070255,-0.9774313706069333,0,0
107,0.0,1,1,0.1684410824896416,0.25998684763908386,0.0077330458562585355,-1.0080572036166235,0,0
108,0.0,1,1,0.16866078964323483,0.2584157884120941,0.007954928547998596,-1.0049062003999798,0,0
109,0.0,1,1,0.1690634517833668,0.2577405571937561,0.008063426357498333,-1.0014995630303951,0,0
110,0.0,1,1,0.16947792379111215,0.2562429904937744,0.008149862455301662,-1.0180392416511015,0,0
111,0.0,1,1,0.16837251975339612,0.2578344941139221,0.009710869896273297,-0.742181539438604,0,0
112,0.0,1,1,0.16700996605649027,0.25509846210479736,0.011408046810007502,-0.5318710567533553,0,0
113,0.0,1,1,0.1661704779366473,0.2553337812423706,0.012453702345464526,-0.36375319542905993,0,0
114,0.0,1,1,0.1655395107368014,0.2570282518863678,0.013194397009428269,-0.21401358213943666,0,0
115,0.0,1,1,0.1653048765011971,0.25953757762908936,0.013418052867283191,-0.1287188243090835,0,0
116,0.0,1,1,0.16522035445249092,0.26046162843704224,0.013382389016486588,-0.11575207546357824,0,0
117,0.0,1,1,0.16497336638973972,0.25965481996536255,0.013440775056751024,-0.12281591470115366,0,0
118,0.0,1,1,0.16467324202973246,0.2610698640346527,0.013478710583579048,-0.08849732966537271,0,0
119,0.0,1,1,0.16465904337385392,0.2580833435058594,0.013199061507616457,-0.19211589935977114,0,0
120,0.0,1,1,0.16518564989670545,0.2593878507614136,0.012388844445542942,-0.2925493439322927,0,0
121,0.0,1,1,0.165132323225068,0.25714948773384094,0.012268699903498246,-0.35623273314092896,0,0
122,0.0,1,1,0.16699283199412096,0.25562596321105957,0.010232383638383954,-0.7049993908616125,0,0
123,0.0,1,1,0.1676173196931569,0.25604167580604553,0.009428223655860213,-0.822318645964953,0,0
124,0.0,1,1,0.16785230713985136,0.25633475184440613,0.009089941059865063,-0.8692993419480313,0,0
125,0.0,1,1,0.1677768825879279,0.2562151253223419,0.009049250136698467,-0.878057922321112,0,0
126,0.0,1,1,0.16900214650573792,0.2606569826602936,0.007781440707069298,-0.9870496797898661,0,0
127,0.0,1,1,0.17000567674414105,0.25923335552215576,0.00692020907218385,-1.1501906177107892,0,0
128,0.0,1,1,0.17037706245049689,0.2596008777618408,0.006822766137791847,-1.1580435042469017,0,0
129,0.0,1,1,0.1710452254552445,0.2611224353313446,0.006500142541165338,-1.177929688321389,0,0
130,0.0,1,1,0.1717405403158645,0.25799453258514404,0.00621485260583444,-1.285266329372683,0,0
131,0.0,1,1,0.17176433910580116,0.25693219900131226,0.00665678137756732,-1.2375236177491742,0,0
132,0.0,1,1,0.17183520435622665,0.25658226013183594,0.007070985606860481,-1.1798200980452498,0,0
133,0.0,1,1,0.1719448684141528,0.2547580301761627,0.007472890286541087,-1.1536179271726168,0,0
134,0.0,1,1,0.17219938764489504,0.2548607885837555,0.00773878713010592,-1.110006583678945,0,0
135,0.0,1,1,0.17273959942544356,0.2549566924571991,0.007699556617285189,-1.1142126696504981,0,0
136,0.0,1,1,0.17248710741896092,0.25536876916885376,0.008495425495223257,-0.9815806769168302,0,0
137,0.0,1,1,0.17232397068615288,0.2572914958000183,0.0090510104726627,-0.8561871229194853,0,0
138,0.0,1,1,0.17176639699484714,0.26007014513015747,0.009944773520611029,-0.6607763062794874,0,0
139,0.0,1,1,0.17222017924000635,0.2644081711769104,0.009770569122237236,-0.6009620377008786,0,0
140,0.0,1,1,0.1724861462720042,0.26768019795417786,0.009821980422530685,-0.5272801830590972,0,0
141,0.0,1,1,0.17264573335784003,0.26614299416542053,0.009911250462856727,-0.5441722807765197,0,0
142,0.0,1,1,0.171746679311128,0.26870477199554443,0.010998879981975854,-0.32281863719923437,0,0
143,0.0,1,1,0.17177929495273092,0.26256072521209717,0.011064094116132295,-0.4358990158689739,0,0
144,0.0,1,1,0.17253232803558996,0.2635011374950409,0.010363494568807998,-0.5265083830628016,0,0
145,0.0,1,1,0.173055892933593,0.26362043619155884,0.009896485936499626,-0.5970906823064034,0,0
146,0.0,1,1,0.17416549578644722,0.26558831334114075,0.008879136928487694,-0.7165815409730097,0,0
147,0.0,1,1,0.17584724591839862,0.26631999015808105,0.007398831687660037,-0.9332174737690961,0,0
148,0.0,1,1,0.17676123954655604,0.266170859336853,0.006728583806555033,-1.0409440334936484,0,0
149,0.0,1,1,0.17641107324786873,0.2652135193347931,0.007404596669646698,-0.9545162669871825,0,0
150,0.0,1,1,0.1758944081502049,0.26555925607681274,0.008183509897483749,-0.8258648131004853,0,0
151,0.0,1,1,0.1752588422465186,0.2668871283531189,0.009062454424830332,-0.6618771924530876,0,0
152,0.0,1,1,0.17507862788562326,0.2673828601837158,0.009452302468608956,-0.5910125389042723,0,0
153,0.0,1,1,0.17498392494002502,0.27041590213775635,0.009783593334976918,-0.47839092290307106,0,0
154,0.0,1,1,0.17400347374358022,0.26557978987693787,0.010961454938565904,-0.39136474122813847,0,0
155,0.0,1,1,0.17311370855765512,0.26579293608665466,0.011959600658174998,-0.23111573903394805,0,0
156,0.0,1,1,0.17269457963885942,0.2677076458930969,0.012412156376957497,-0.12198261968882188,0,0
157,0.0,1,1,0.1719467865623001,0.26642149686813354,0.013227656619783337,-0.02035528333682668,0,0
158,0.0,1,1,0.17205863208805994,0.2647850811481476,0.013127774780421311,-0.06879522505192576,0,0
159,0.0,1,1,0.17176853701547642,0.26429760456085205,0.013384034428181254,-0.03853197324776558,0,0
160,0.0,1,1,0.1712354281860275,0.26686492562294006,0.013825189263478992,0.08191326319166126,0,0
161,0.0,1,1,0.169736571369462,0.2658693790435791,0.01511475553715737,0.26344974282582867,0,0
162,0.0,1,1,0.16785926536626183,0.2664593458175659,0.01655558478686206,0.5004338209413481,0,0
163,0.0,1,1,0.16585711417297228,0.2694058120250702,0.017921880681559175,0.7730506975938329,0,0
164,0.0,1,1,0.16429684723869126,0.26672565937042236,0.018728293396204736,0.8452894478444342,0,0
165,0.0,1,1,0.16361334040102918,0.2656860053539276,0.01858340302590155,0.8017894790644275,0,0
166,0.0,1,1,0.1632348337928405,0.2715248763561249,0.018130088073698123,0.8481014450106523,0,0
167,0.0,1,1,0.16352134379990485,0.27337634563446045,0.016997592774292154,0.7082820158830405,0,0
168,0.0,1,1,0.16364001422239832,0.27086493372917175,0.01606016655607581,0.5114100013293001,0,0
169,0.0,1,1,0.16416394233420106,0.27034127712249756,0.014795991335617221,0.30336070079962574,0,0
170,0.0,1,1,0.16445590078251104,0.27109643816947937,0.013864763871346232,0.17299610157734058,0,0
171,0.0,1,1,0.16398556110249704,0.27327853441238403,0.0137466264901925,0.1983161015899655,0,0
172,0.0,1,1,0.16331244390760288,0.27520427107810974,0.013851084723672151,0.2532759428954242,0,0
173,0.0,1,1,0.16332231439445433,0.2727430760860443,0.013216486509645206,0.10473205546458453,0,0
174,0.0,1,1,0.1628503363117548,0.2747889459133148,0.013085162976557438,0.12525838258615363,0,0
175,0.0,1,1,0.16262623729473843,0.27661949396133423,0.01271032685969718,0.10341277055411516,0,0
176,0.0,1,1,0.16254109131837663,0.2775159180164337,0.01228759183072158,0.05534059678193348,0,0
177,0.0,1,1,0.16362422464583,0.2782926857471466,0.01082458892841927,-0.1576869525996389,0,0
178,0.0,1,1,0.1654118925042463,0.27858641743659973,0.008927555567952949,-0.44822847982965297,0,0
179,0.0,1,1,0.16742285183672037,0.2771695554256439,0.007241923916920645,-0.7400563318085831,0,0
180,0.0,1,1,0.17005470018535485,0.27524226903915405,0.005600015214034934,-1.0352928185862798,0,0
181,0.0,1,1,0.17405416071180782,0.27862319350242615,0.0044480346640801945,-1.1474708818280677,0,0
182,0.0,1,1,0.17766049740758155,0.27726390957832336,0.004274554779584582,-1.201851198572355,0,0
183,0.0,1,1,0.18337771691047788,0.27963921427726746,0.00662443921060097,-0.7869959919813405,0,0
184,0.0,1,1,0.19031858964666334,0.27523136138916016,0.012064161198129688,-0.025409318746711207,0,0
185,0.0,1,1,0.19814286023802866,0.2699698507785797,0.018041096870626987,0.8029962677795665,0,0
186,0.0,1,1,0.20855068410701347,0.274554580450058,0.0260091136585024,2.140082509354031,0,0
187,0.0,1,1,0.219241942191766,0.27876606583595276,0.033469068871868436,3.3902893037083937,0,0
188,0.0,1,1,0.2327572973923062,0.28389182686805725,0.04299016494402925,4.9809182583027525,0,0
189,0.0,1,1,0.2483206119549625,0.28023257851600647,0.053560125143789016,6.559187378440211,0,0
190,0.0,1,1,0.2644465840200506,0.28114381432533264,0.06356507044743256,8.140865734412092,0,0
191,0.0,1,1,0.2802834128807811,0.2795920968055725,0.07212293554375777,9.447004616349997,0,0
192,0.0,1,1,0.29782863542723736,0.2890256643295288,0.08133535893057466,11.075829206090615,0,0
193,0.0,1,1,0.315545812795622,0.3149601221084595,0.08959419751874564,12.886709531095306,0,0
194,0.0,1,1,0.33076474091846475,0.32353389263153076,0.09423291414452399,13.7835856542445,0,0
195,0.0,1,1,0.34430434646282276,0.32253435254096985,0.09629323106508843,14.085481282115778,0,0
196,0.0,1,1,0.35705763260163625,0.3256198465824127,0.09688578965025803,14.239981564635475,0,0
197,0.0,1,1,0.36764672219444516,0.3283238112926483,0.0946607981577773,13.946550178525463,0,0
198,0.0,1,1,0.37570729832577926,0.4198846220970154,0.08955930248311375,14.986406160115958,0,0
199,0.0,1,1,0.3823188006276716,0.42017877101898193,0.08292875416506919,13.956203050533384,0,0
200,0.0,1,1,0.3872441289979109,0.4244917035102844,0.07469865822176255,12.756681681434847,0,0
201,0.0,1,1,0.3914030058146192,0.4201640486717224,0.0660937175462639,11.325226058511806,0,0
202,0.0,1,1,0.3939996142531328,0.4081621766090393,0.05639310715457372,9.568587145197203,0,0
203,0.0,1,1,0.39756503250436137,0.41454702615737915,0.0484412170586004,8.454108705553086,0,0
204,0.0,1,1,0.39958888517077007,0.4151661992073059,0.039804753971480596,7.116977843820482,0,0
205,0.0,1,1,0.4019284970940127,0.41229820251464844,0.032491344383957545,5.916625649777693,0,0
206,0.0,1,1,0.40404035943633815,0.41707825660705566,0.025914272139623624,4.984781652076987,0,0
207,0.0,1,1,0.4067575484431309,0.41049832105636597,0.0210449094314806,4.091867485980538,0,0
208,0.0,1,1,0.4093436725178662,0.4071432948112488,0.01711590953139384,3.410599445397234,0,0
209,0.0,1,1,0.41128273640764224,0.40099629759788513,0.013442192592641218,2.713205886766132,0,0
210,0.0,1,1,0.4133048583714387,0.3935415744781494,0.010680143846093417,2.132034182749918,0,0
211,0.0,1,1,0.4159192867104678,0.3781284689903259,0.009276913201565182,1.6035217716219972,0,0
212,0.0,1,1,0.41806088585710244,0.3807640075683594,0.007970472025626783,1.452252308799764,0,0
213,0.0,1,1,0.41936815777995834,0.3738037645816803,0.006270989080008121,1.0470405716397784,0,0
214,0.0,1,1,0.42111457654457457,0.3664417862892151,0.005352523807126767,0.7558122518376204,0,0
215,0.0,1,1,0.4227000276462987,0.35016605257987976,0.004518657226946364,0.2989626670334288,0,0
216,0.0,1,1,0.42482592427577587,0.34802502393722534,0.004409052297017871,0.23887908727030505,0,0
217,0.0,1,1,0.4268286286164795,0.3411129117012024,0.004209877350389857,0.06907460460683912,0,0
218,0.0,1,1,0.42878995252012925,0.3367392420768738,0.004080944388888301,-0.038823740065207835,0,0
219,0.0,1,1,0.4299178355175493,0.33753421902656555,0.0031671652344648776,-0.16566298107650357,0,0
220,0.0,1,1,0.4318306483910638,0.33271926641464233,0.00303661127604455,-0.2826682938137688,0,0
221,0.0,1,1,0.433191518391881,0.32359644770622253,0.002423305152721138,-0.5615403081481565,0,0
222,0.0,1,1,0.4343430966280754,0.3228929340839386,0.0017959411175530098,-0.6736885812049127,0,0
223,0.0,1,1,0.4358215607806513,0.32516753673553467,0.0014708681722365945,-0.6788488098131296,0,0
224,0.0,1,1,0.43689379163520997,0.3277699053287506,0.0010744720227402816,-0.6885780449702542,0,0
225,0.0,1,1,0.43808473921567176,0.37220948934555054,0.0008603501522907142,0.16957497536924682,0,0
226,0.0,1,1,0.43883445713449143,0.36816078424453735,0.0009615152416843863,0.10415219778517737,0,0
227,0.0,1,1,0.43959335362629504,0.3518800437450409,0.001380038565028505,-0.15709650871354786,0,0
228,0.0,1,1,0.4402856040377015,0.33855631947517395,0.002116694525845937,-0.30930507410744124,0,0
229,0.0,1,1,0.4409161568632236,0.32754233479499817,0.0028555008069757588,-0.41483623783345747,0,0
230,0.0,1,1,0.441503665363482,0.3194213807582855,0.003569144393640558,-0.46625515278681395,0,0
231,0.0,1,1,0.4421135356819242,0.3144691586494446,0.004150541295748831,-0.4747634859308234,0,0
232,0.0,1,1,0.44220721764545934,0.31427448987960815,0.005148638408316864,-0.32270426220928805,0,0
233,0.0,1,1,0.4428215341001521,0.3175082504749298,0.005492698034004802,-0.20406025830635033,0,0
234,0.0,1,1,0.4432523589251914,0.3219505846500397,0.0059835659648657365,-0.038227472352741154,0,0
235,0.0,1,1,0.4445522664159547,0.31739768385887146,0.005499494940825833,-0.20521650781226342,0,0
236,0.0,1,1,0.4450893742516932,0.3182050883769989,0.005773869106806869,-0.1461428332944228,0,0
237,0.0,1,1,0.44594284469694156,0.31762972474098206,0.005687989920388342,-0.17110630306059504,0,0
238,0.0,1,1,0.4468120066383476,0.3151862621307373,0.00554177683014592,-0.24297823270416752,0,0
239,0.0,1,1,0.44757869836093844,0.31668150424957275,0.005483529036350601,-0.2220804239129247,0,0
240,0.0,1,1,0.44816819501089417,0.31218117475509644,0.0055721723253424945,-0.29852103870197333,0,0
241,0.0,1,1,0.4485351373351095,0.30676910281181335,0.005871925563727336,-0.3602658423579781,0,0
242,0.0,1,1,0.449253982355924,0.30605947971343994,0.005791779379256743,-0.3870271705338397,0,0
243,0.0,1,1,0.4498294694567446,0.29391226172447205,0.005856890729737751,-0.6205680472166499,0,0
244,0.0,1,1,0.4505636123338117,0.2928627133369446,0.005759413037922173,-0.6568577170176549,0,0
245,0.0,1,1,0.45142092545063917,0.2896890938282013,0.00554923899040397,-0.7533738131976218,0,0
246,0.0,1,1,0.45228882472928067,0.2885720729827881,0.005346153266670683,-0.807519768929425,0,0
247,0.0,1,1,0.45307991410502385,0.28961288928985596,0.005275178682628993,-0.7977280356966836,0,0
248,0.0,1,1,0.45384680216432327,0.2897607386112213,0.005241032052248987,-0.80009749662287,0,0
249,0.0,1,1,0.4544619429342294,0.29398009181022644,0.005382637227995147,-0.6933150853048904,0,0
250,0.0,1,1,0.454685440785646,0.29675063490867615,0.005866973413598202,-0.5620448926359837,0,0
251,0.0,1,1,0.45470955729589674,0.29480230808258057,0.0065282902272011875,-0.4977961976797216,0,0
252,0.0,1,1,0.45489955038434493,0.2981240153312683,0.006964490895821257,-0.3629895071958623,0,0
253,0.0,1,1,0.45492959043386405,0.29683148860931396,0.007512132542444777,-0.30334633096676833,0,0
254,0.0,1,1,0.45493098573703356,0.2993128001689911,0.008035800958769958,-0.17173298118961172,0,0
255,0.0,1,1,0.4547454890816398,0.2940126657485962,0.008704354094602252,-0.1736024081681605,0,0
256,0.0,1,1,0.45461462674073533,0.28977158665657043,0.009278812988830305,-0.16892689484271645,0,0
257,0.0,1,1,0.45435458379753463,0.29337507486343384,0.00992175910237467,0.003839818612840079,0,0
258,0.0,1,1,0.45418720174156985,0.2922355830669403,0.010412363611253044,0.05764065169898511,0,0
259,0.0,1,1,0.454159821843606,0.2935888469219208,0.010698571324056763,0.12951529515662003,0,0
260,0.0,1,1,0.45403054437342255,0.2965330481529236,0.011023484250880686,0.23935782657527868,0,0
261,0.0,1,1,0.453830872807296,0.2929803133010864,0.011347564363017367,0.2187191475561333,0,0
262,0.0,1,1,0.4536140719401536,0.29535648226737976,0.011618005137464952,0.30865303744894457,0,0
263,0.0,1,1,0.45365853495131553,0.29570600390434265,0.0115569185388623,0.30612012118281884,0,0
264,0.0,1,1,0.4535436666137899,0.2966464161872864,0.011614400591894062,0.3339703315117602,0,0
265,0.0,1,1,0.45378347207692166,0.2980833351612091,0.01129303983077261,0.312583337220713,0,0
266,0.0,1,1,0.45409920500680623,0.2994830906391144,0.010911157956675525,0.28099354573868635,0,0
267,0.0,1,1,0.4543756273262973,0.2950993478298187,0.010577568110217381,0.1409129416554769,0,0
268,0.0,1,1,0.45478461969289147,0.29496121406555176,0.0101290069502256,0.06804829885407905,0,0
269,0.0,1,1,0.45503206291165677,0.29371175169944763,0.00987110901402159,0.002680024224337274,0,0
270,0.0,1,1,0.45506683993820934,0.2943764925003052,0.009856801546755936,0.013781312589265876,0,0
271,0.0,1,1,0.4553412545666489,0.28978240489959717,0.00961468786099309,-0.11622526197012069,0,0
272,0.0,1,1,0.45579316757079563,0.2901630699634552,0.009233251340354545,-0.16819194998629156,0,0
273,0.0,1,1,0.4559861384001656,0.2912067472934723,0.009154992355929268,-0.1594810918970288,0,0
274,0.0,1,1,0.4562162735224907,0.2914908826351166,0.009055308416215555,-0.16935719349602657,0,0
275,0.0,1,1,0.45638882671086667,0.2895447909832001,0.009038878738487324,-0.21096988148403312,0,0
276,0.0,1,1,0.4567427475402821,0.2926834225654602,0.008867668902184085,-0.17475168887743703,0,0
277,0.0,1,1,0.4567873802061435,0.2902565896511078,0.009046513064903283,-0.19549577384711436,0,0
278,0.0,1,1,0.45687769511110404,0.29192957282066345,0.009179687106716192,-0.14111984599533145,0,0
279,0.0,1,1,0.4570731034617696,0.29128384590148926,0.009222423648715903,-0.14739725722302355,0,0
280,0.0,1,1,0.45712996430972286,0.29573652148246765,0.009400536471108936,-0.030228820647611704,0,0
281,0.0,1,1,0.45715112489587295,0.29313185811042786,0.00959585869231004,-0.05196590203128898,0,0
282,0.0,1,1,0.4571533066151583,0.28797823190689087,0.009791926799422947,-0.12472746521833548,0,0
283,0.0,1,1,0.4569589173923385,0.2910138666629791,0.010155507945261778,-0.007008075146495166,0,0
284,0.0,1,1,0.45691995230727867,0.29238975048065186,0.010332105493227467,0.04819246631774805,0,0
285,0.0,1,1,0.45687114808315443,0.28904396295547485,0.010513274886570936,0.00937431029179446,0,0
286,0.0,1,1,0.45680521347191094,0.2914670705795288,0.010688487606136252,0.08536939720402778,0,0
287,0.0,1,1,0.45662441866209386,0.29171615839004517,0.010941571408890155,0.12991442079515872,0,0
288,0.0,1,1,0.4565362446112431,0.2949836552143097,0.011075336907021508,0.21637424556884854,0,0
289,0.0,1,1,0.45659813974960106,0.2933822274208069,0.011036296846431565,0.17814355954993705,0,0
290,0.0,1,1,0.45662611714436985,0.28610289096832275,0.011023270383000954,0.030059276239726995,0,0
291,0.0,1,1,0.45664888371635426,0.2896917164325714,0.010992173068451374,0.09720422512199835,0,0
292,0.0,1,1,0.4564101781028482,0.29300814867019653,0.011220986075543945,0.19949820676722552,0,0
293,0.0,1,1,0.45641760848983537,0.29258018732070923,0.011180161616538469,0.18453249365741228,0,0
294,0.0,1,1,0.4564593587503664,0.2916286289691925,0.011091590286583556,0.15160057248900136,0,0
295,0.0,1,1,0.45655606912733493,0.290312796831131,0.010946979512518159,0.10260320299968168,0,0
296,0.0,1,1,0.4565827766592368,0.28997287154197693,0.010877767997149282,0.08496797178705648,0,0
297,0.0,1,1,0.45657187847493347,0.28429681062698364,0.010847914041743928,-0.033578545835706394,0,0
298,0.0,1,1,0.4564530130153216,0.29124578833580017,0.010939133864398296,0.12009626967729238,0,0
299,0.0,1,1,0.45651675486981697,0.2925302982330322,0.010842039203334578,0.13069575817968296,0,0
300,0.0,1,1,0.456479507636013,0.2914208471775055,0.01085397263618584,0.11030106751021089,0,0
301,0.0,1,1,0.4564018809738667,0.2872580885887146,0.010908334595768029,0.035276416458199636,0,0
302,0.0,1,1,0.4563947569396269,0.28894054889678955,0.010899563080848749,0.06766174883743047,0,0
303,0.0,1,1,0.4563262966613244,0.28851455450057983,0.010957917096892934,0.06823335665541821,0,0
304,0.0,1,1,0.4563352904559996,0.2875678539276123,0.010929505938769426,0.04479966643612772,0,0
305,0.0,1,1,0.45613773425062354,0.2863747179508209,0.011106288809261875,0.048485718924807866,0,0
306,0.0,1,1,0.45602032517975505,0.2880012094974518,0.011187187204006743,0.09376015050520603,0,0
307,0.0,1,1,0.4556277018348344,0.28850671648979187,0.011551963911563577,0.1609032229410117,0,0
308,0.0,1,1,0.45578590092070287,0.29501569271087646,0.011337342921766488,0.25795869241092617,0,0
309,0.0,1,1,0.4556980868466139,0.2957753539085388,0.011377052865165212,0.27940529822249777,0,0
310,0.0,1,1,0.4559474939295747,0.2914706766605377,0.011066361333581493,0.14448916698418443,0,0
311,0.0,1,1,0.4558607503301972,0.28901559114456177,0.01110772759512598,0.10169562323753836,0,0
312,0.0,1,1,0.45581364084247034,0.29230380058288574,0.01110404221537167,0.16709262402152206,0,0
313,0.0,1,1,0.4561109458651989,0.29459065198898315,0.010761067751725152,0.15938081541416274,0,0
314,0.0,1,1,0.4562246217689972,0.2887778580188751,0.010618405490454135,0.02046327264816035,0,0
315,0.0,1,1,0.4562282476828311,0.2855294346809387,0.010596573443261972,-0.048122892889050445,0,0
316,0.0,1,1,0.45628168462765634,0.2853113114833832,0.010530734120505604,-0.06278740507789193,0,0
317,0.0,1,1,0.4563502945196091,0.28416743874549866,0.010454047634840646,-0.09772066674073301,0,0
318,0.0,1,1,0.4564783317657239,0.2879667282104492,0.010327724521460508,-0.04123328272478654,0,0
319,0.0,1,1,0.4564536569527234,0.28613603115081787,0.010362616570869874,-0.07251110360750536,0,0
320,0.0,1,1,0.4565036822391271,0.29355716705322266,0.010335157191759028,0.07209175747278494,0,0
321,0.0,1,1,0.45651124912361263,0.2881438136100769,0.010362115811514352,-0.03230627315248598,0,0
322,0.0,1,1,0.4564733132896829,0.29071345925331116,0.010463162166071124,0.03503946762321894,0,0
323,0.0,1,1,0.45662304233913287,0.2881692051887512,0.010362534000119685,-0.03173148289683146,0,0
324,0.0,1,1,0.45643335804988244,0.28890833258628845,0.010618286538835762,0.02306245737661694,0,0
325,0.0,1,1,0.4564791770925561,0.2882004976272583,0.010607172076184085,0.007124061381611806,0,0
326,0.0,1,1,0.4563046587426007,0.2914592921733856,0.010825863766308008,0.1066800507056051,0,0
327,0.0,1,1,0.4560804125191525,0.29538437724113464,0.011085182696908355,0.22595264517196934,0,0
328,0.0,1,1,0.45607618427214985,0.29187458753585815,0.011087229990621962,0.15585400456743073,0,0
329,0.0,1,1,0.4558245195758029,0.2920898497104645,0.011328292008622688,0.1978418167914212,0,0
330,0.0,1,1,0.4556780913845933,0.2914525270462036,0.011445882477901681,0.20342987121121497,0,0
331,0.0,1,1,0.4557361121158128,0.2940879166126251,0.01134474794360628,0.2405014115983121,0,0
332,0.0,1,1,0.4558188675827806,0.294023334980011,0.011218122304938707,0.21941886599332777,0,0
333,0.0,1,1,0.4557774664101892,0.2888036370277405,0.011212418893034188,0.11380239190070932,0,0
334,0.0,1,1,0.4557278128799865,0.2914043664932251,0.01121377309877016,0.16619365709761152,0,0
335,0.0,1,1,0.4560626126067374,0.2941352427005768,0.010823554132080625,0.16000799123550738,0,0
336,0.0,1,1,0.4561680641313306,0.29176563024520874,0.010686057141996334,0.0909797497461167,0,0
337,0.0,1,1,0.45625559996236653,0.2917267978191376,0.010576717799649523,0.07311501902871498,0,0
338,0.0,1,1,0.45655427588589587,0.28657111525535583,0.010251795992065469,-0.08109888633017026,0,0
339,0.0,1,1,0.45698006693127186,0.2870856523513794,0.009834641934976154,-0.1359609415771243,0,0
340,0.0,1,1,0.4575378279351407,0.287626713514328,0.009312658776729852,-0.20667166891833666,0,0
341,0.0,1,1,0.4576918240456365,0.2878900170326233,0.009246746179986902,-0.21168854128716977,0,0
342,0.0,1,1,0.45804406990423735,0.28674066066741943,0.009009601144706345,-0.2718054462003989,0,0
343,0.0,1,1,0.45873594057965406,0.2927905321121216,0.008458293728724453,-0.2365726076765152,0,0
344,0.0,1,1,0.4591663394536478,0.2981081008911133,0.008235853497862917,-0.16464275659905106,0,0
345,0.0,1,1,0.4597014453676201,0.2972022593021393,0.007949908160251715,-0.2274995581332767,0,0
346,0.0,1,1,0.46010697904117465,0.2969844937324524,0.007827612576111937,-0.2509788805479316,0,0
347,0.0,1,1,0.46033187480672283,0.2996044456958771,0.007909010486163328,-0.18569413170747384,0,0
348,0.0,1,1,0.46064952964405537,0.30080655217170715,0.007916670534297487,-0.16037872944198767,0,0
349,0.0,1,1,0.46103657401144327,0.296428382396698,0.007881177364343081,-0.25376624562949784,0,0
350,0.0,1,1,0.4613016826608452,0.289885014295578,0.00797135167242016,-0.37095806071938053,0,0
351,0.0,1,1,0.4613752407457071,0.28712159395217896,0.008264480625380688,-0.38059685235265567,0,0
352,0.0,1,1,0.4615548764341461,0.2884451746940613,0.008450533564323159,-0.324968170825979,0,0
353,0.0,1,1,0.4616361761240924,0.2928553819656372,0.008726419627823327,-0.19337352391249957,0,0
354,0.0,1,1,0.46154860215393206,0.2966170012950897,0.009146572826042263,-0.05224828592179648,0,0
355,0.0,1,1,0.46140784832597953,0.2931094467639923,0.009573810526765607,-0.05586084852394982,0,0
356,0.0,1,1,0.461379143642583,0.2938183546066284,0.009867945515900969,0.004324512796815533,0,0
357,0.0,1,1,0.4615613710687749,0.28798016905784607,0.009923937642448024,-0.10406028076153077,0,0
358,0.0,1,1,0.4615255069177393,0.2917187213897705,0.010161618256992236,0.008088566899938768,0,0
359,0.0,1,1,0.4614486785011779,0.29366403818130493,0.010406958635274481,0.08545582198924631,0,0
360,0.0,1,1,0.46159694840155113,0.2888926863670349,0.010383491101583922,-0.01394113605490735,0,0
361,0.0,1,1,0.46146426960800313,0.290348619222641,0.010622596278015964,0.05263305281022289,0,0
362,0.0,1,1,0.46160391318927685,0.2890300154685974,0.01056383803969085,0.01699559013330431,0,0
363,0.0,1,1,0.4613545064731324,0.2926327586174011,0.010881415009065377,0.1389044230080522,0,0
364,0.0,1,1,0.46105047453586895,0.2995208501815796,0.01120815640787807,0.32816079541366977,0,0
365,0.0,1,1,0.4609572681033706,0.29712194204330444,0.011283419402878093,0.2917911463880669,0,0
366,0.0,1,1,0.4609997033155144,0.2953161597251892,0.011211129001996016,0.24426462500336643,0,0
367,0.0,1,1,0.46120703273757757,0.29392486810684204,0.010964144357173399,0.17775609968494224,0,0
368,0.0,1,1,0.46116768936550967,0.2969052791595459,0.01097283463020455,0.23891144525157043,0,0
369,0.0,1,1,0.4613508610707263,0.298942893743515,0.010762454868671997,0.24691863515305018,0,0
370,0.0,1,1,0.461876144188794,0.2956795394420624,0.01023310123237193,0.09872640983404019,0,0
371,0.0,1,1,0.4622792678678826,0.29555022716522217,0.009865477592298428,0.03868624001416415,0,0
372,0.0,1,1,0.4623532153239533,0.2912521958351135,0.009842808479021137,-0.051089504359359175,0,0
373,0.0,1,1,0.46250435757704433,0.29164671897888184,0.009750788254945368,-0.05755329389688772,0,0
374,0.0,1,1,0.46267331112796406,0.29660698771476746,0.009657240352301819,0.02734889117640471,0,0
375,0.0,1,1,0.4628647234727532,0.29402226209640503,0.00954271105939934,-0.04240628121745646,0,0
376,0.0,1,1,0.46303863286033353,0.2933582067489624,0.00946883409072973,-0.06727372014914448,0,0
377,0.0,1,1,0.46315887413107626,0.29500770568847656,0.009451072796491029,-0.036954470781313226,0,0
378,0.0,1,1,0.463056747959433,0.29642775654792786,0.009682082372273118,0.02763476357159758,0,0
379,0.0,1,1,0.46312647875205687,0.2931705713272095,0.009755656824189564,-0.02621875635421686,0,0
380,0.0,1,1,0.4632068515122624,0.29570165276527405,0.009830227681747366,0.036216130541468466,0,0
381,0.0,1,1,0.4631787704476704,0.29631930589675903,0.010015962188964176,0.07763169676948317,0,0
382,0.0,1,1,0.4632473163805348,0.29751086235046387,0.010088254663963585,0.1128350409353813,0,0
383,0.0,1,1,0.4633823800053667,0.3000589609146118,0.010101735825919191,0.16606533381741723,0,0
384,0.0,1,1,0.4635512865029436,0.2976093292236328,0.010077937823673753,0.11319849471622792,0,0
385,0.0,1,1,0.46378776101401814,0.2931502163410187,0.00996111633503845,0.005478428572507327,0,0
386,0.0,1,1,0.46381711414162563,0.2926684319972992,0.010039512717869221,0.008062562944648355,0,0
387,0.0,1,1,0.4638700120796792,0.2917439937591553,0.010091178981077944,-0.002411385260584764,0,0
388,0.0,1,1,0.4639957312392173,0.29732969403266907,0.01006300657172807,0.10525485102015836,0,0
389,0.0,1,1,0.46422738445125805,0.29755499958992004,0.009925811939062525,0.0883369125842065,0,0
390,0.0,1,1,0.46470154484752507,0.2970278561115265,0.00954898446983157,0.018876657405865194,0,0
391,0.0,1,1,0.46458909900307666,0.30108845233917236,0.009780209741936515,0.1364780959641989,0,0
392,0.0,1,1,0.464543938038203,0.3007083833217621,0.009927529626238793,0.1518731377312929,0,0
393,0.0,1,1,0.4647782695774855,0.3006106913089752,0.00979942594972554,0.129895321455164,0,0
394,0.0,1,1,0.4652485611375232,0.3069334924221039,0.009447119448647076,0.20170041727228777,0,0
395,0.0,1,1,0.4656857283197702,0.3083234429359436,0.009155788668204465,0.1840636267297927,0,0
396,0.0,1,1,0.4659020842268991,0.3063374161720276,0.00911850118051121,0.13839041243498035,0,0
397,0.0,1,1,0.46633184272386996,0.30648234486579895,0.008878368958280624,0.10377457040702665,0,0
398,0.0,1,1,0.4665025389463666,0.3030162751674652,0.008918348644248541,0.04048050779908863,0,0
399,0.0,1,1,0.4664870597382027,0.3042711317539215,0.00914463159837124,0.10101677925708069,0,0
400,0.0,1,1,0.46657887004828763,0.2988850176334381,0.00924562834001377,0.00873463143886688,0,0
401,0.0,1,1,0.46645964782187255,0.30209916830062866,0.009562118845476145,0.1226771779182654,0,0
402,0.0,1,1,0.46653458277486315,0.30856096744537354,0.009672157874070747,0.2695182341037354,0,0
403,0.0,1,1,0.46645673474269606,0.30536240339279175,0.009931352444498276,0.2458462855372512,0,0
404,0.0,1,1,0.4663517904623524,0.3076447546482086,0.010195536031373202,0.332920104189712,0,0
405,0.0,1,1,0.4662264086033649,0.30905336141586304,0.010438792577134101,0.3991934701129605,0,0
406,0.0,1,1,0.46606928835721273,0.3073253631591797,0.010712863509021139,0.40735078668923747,0,0
407,0.0,1,1,0.46612275810921877,0.30860990285873413,0.010768347351230084,0.44179314159810884,0,0
408,0.0,1,1,0.46625205166991207,0.3087199032306671,0.010735088685660588,0.4388030548917961,0,0
409,0.0,1,1,0.46631348422326585,0.31020358204841614,0.010745334027477444,0.47017175893688706,0,0
410,0.0,1,1,0.4660911684563209,0.31282806396484375,0.01101248950181491,0.564574299335437,0,0
411,0.0,1,1,0.4659194146812047,0.3115256130695343,0.011197749293318432,0.5673917386006198,0,0
412,0.0,1,1,0.46587456508615677,0.3116600811481476,0.011213139742461683,0.5724945817128259,0,0
413,0.0,1,1,0.466048784380631,0.3112941384315491,0.010994065172258153,0.5309194044233162,0,0
414,0.0,1,1,0.46630547333833694,0.31115254759788513,0.010706070831868543,0.4830759420023095,0,0
415,0.0,1,1,0.4663757828713084,0.3066154718399048,0.010616232962472058,0.3780081926727177,0,0
416,0.0,1,1,0.46572172762180714,0.3087650239467621,0.01126429785836157,0.5224037776069166,0,0
417,0.0,1,1,0.46507247843527955,0.3097889721393585,0.011855485962528016,0.6353281452645569,0,0
418,0.0,1,1,0.46379533581754634,0.30390238761901855,0.013033753129731472,0.701341584082309,0,0
419,0.0,1,1,0.46241483615647105,0.3022145628929138,0.014231648887606323,0.8546639168658583,0,0
420,0.0,1,1,0.46111790561289984,0.3264637589454651,0.015256324256399409,1.501305033722942,0,0
421,0.0,1,1,0.4596928147640058,0.3275919556617737,0.01632774490927109,1.6913632328956845,0,0
422,0.0,1,1,0.45837832722066185,0.33095404505729675,0.017182950785099835,1.8924548483969699,0,0
423,0.0,1,1,0.45731074213774175,0.3427126407623291,0.017688126978787775,2.2073130597183983,0,0
424,0.0,1,1,0.45611080717155295,0.35566097497940063,0.018245008938867716,2.554121214470639,0,0
425,0.0,1,1,0.4538715698918521,0.3663499057292938,0.019771363269656544,3.007089885124504,0,0
426,0.0,1,1,0.45144045545713396,0.39446043968200684,0.021341917362278095,3.816503100690026,0,0
427,0.0,1,1,0.44807806746891693,0.4134438633918762,0.023673297519850638,4.56168326065187,0,0
428,0.0,1,1,0.44349290520193574,0.42885977029800415,0.02697483715028082,5.386886013866772,0,0
429,0.0,1,1,0.43686615328737227,0.44366171956062317,0.031972119912244204,6.464751375993318,0,0
430,0.0,1,1,0.42761379214067724,0.461321085691452,0.03911665037437236,7.9354803046196825,0,0
431,0.0,1,1,0.4152034780365071,0.49463769793510437,0.048804969087033245,10.117846111536,0,1
432,0.0,1,1,0.39881309618816063,0.5109599232673645,0.06163327947832452,12.44990790517066,0,1
433,0.0,1,1,0.3773223535273454,0.5353273749351501,0.07848243359418364,15.571691149112429,0,1
434,0.0,1,1,0.34598750900275843,0.5174037218093872,0.10373924364526163,19.1587678292823,0,1
435,0.0,1,1,0.3101242755504244,0.4955391585826874,0.13137887733972842,23.039121696146342,0,1
436,0.0,1,1,0.2630273030597869,0.4975009858608246,0.16779238274368155,28.768541008713157,0,1
437,0.0,1,1,0.2059405241802137,0.4911957383155823,0.21092551704033505,35.38211881847383,0,3
438,0.0,1,1,0.13397216463600645,0.477828711271286,0.2649388610161475,43.55417947012585,0,2
439,0.0,1,1,0.06286963376396863,0.4560281038284302,0.31303148884993187,50.631848500596874,1,2
440,0.0,1,1,0.9850199701102221,0.3221370279788971,0.36295244278025823,55.74629238963703,1,2
441,0.0,1,1,0.9228637443913025,0.35395941138267517,0.37230220226104677,57.84577473756219,1,2
442,0.0,1,1,0.8842140019711849,0.3518948256969452,0.351909308667479,54.61771144855256,1,2
443,0.0,1,1,0.8613474714455266,0.29497578740119934,0.3279470459689834,49.73131973339724,1,2
444,0.0,1,1,0.8465641249828899,0.3164885342121124,0.3060152168833815,46.73582190813022,1,2
445,0.0,1,1,0.8364061444710099,0.3062579035758972,0.28052598703976234,42.54755418831864,1,2
446,0.0,1,1,0.8307054054122788,0.32042014598846436,0.2559554471424512,38.99224871794991,1,2
447,0.0,1,1,0.8274368771995944,0.33090245723724365,0.22990371367983808,35.131656345093816,1,2
448,0.0,1,1,0.8252235210842616,0.332083135843277,0.20231814736203987,30.844760702100107,0,0
449,0.0,1,1,0.8242099261559859,0.3341110348701477,0.17197416178859898,26.143826290993346,0,0
450,0.0,1,1,0.8232953189752859,0.3451698422431946,0.13818060115541056,21.085044678845165,0,0
451,0.0,1,1,0.822808627684216,0.33911746740341187,0.10725786501187314,16.131555049433707,0,0
452,0.0,1,1,0.8227072443045556,0.3394526243209839,0.07999268435610521,11.87775951034932,0,0
453,0.0,1,1,0.8225313005134685,0.34067225456237793,0.05793541955208866,8.455510504244582,0,0
454,0.0,1,1,0.8223556537598702,0.34232401847839355,0.04094404250207979,5.833538890993038,0,0
455,0.0,1,1,0.822214962565103,0.33567020297050476,0.029465853957536165,3.9064320844953926,0,0
456,0.0,1,1,0.8221380292082237,0.3360203504562378,0.022353588612544075,2.802078287810255,0,0
457,0.0,1,1,0.8221235035646339,0.32982075214385986,0.017934116201636565,1.9870959003522115,0,0
458,0.0,1,1,0.8220752374549228,0.3243590295314789,0.015180670319855325,1.4472550028440296,0,0
459,0.0,1,1,0.8221983057981923,0.32663673162460327,0.013308395724588204,1.2003876651460776,0,0
460,0.0,1,1,0.8223940373314585,0.3245587646961212,0.01209781857183499,0.9695288658793941,0,0
461,0.0,1,1,0.8222431429468213,0.3171807527542114,0.011655043807842198,0.75231135038494,0,0
462,0.0,1,1,0.8221685265740311,0.3169744610786438,0.011358679162577252,0.7018618015306343,0,0
463,0.0,1,1,0.8223058114638131,0.3252429664134979,0.011003180379207318,0.8122056394598235,0,0
464,0.0,1,1,0.8224063505639223,0.3227272927761078,0.010766633086800053,0.7247690755787614,0,0
465,0.0,1,1,0.8223221548405468,0.30972325801849365,0.010787331066506709,0.46709734694098964,0,0
466,0.0,1,1,0.8225225332781363,0.3054560422897339,0.010552204568655157,0.34474078999246816,0,0
467,0.0,1,1,0.8225227866266868,0.30763179063796997,0.010538757575360451,0.3862925904377309,0,0
468,0.0,1,1,0.8226048923934891,0.30586010217666626,0.010456043673787987,0.33782130984352704,0,0
469,0.0,1,1,0.822768780409475,0.30257323384284973,0.010309958417346317,0.24904771157799815,0,0
470,0.0,1,1,0.8229013467465226,0.30483734607696533,0.01021695049775385,0.27994002441535215,0,0
471,0.0,1,1,0.822875642073225,0.29958248138427734,0.010297177852358461,0.18704572309440753,0,0
472,0.0,1,1,0.8229351309013323,0.2937338352203369,0.010291413203436295,0.06880079728765293,0,0
473,0.0,1,1,0.8229849130629255,0.2871153652667999,0.010303052002300877,-0.062169961076289526,0,0
474,0.0,1,1,0.8230758717885814,0.2858857810497284,0.010268279509840208,-0.0922733151581789,0,0
475,0.0,1,1,0.8230002336184428,0.28011777997016907,0.010392620141201942,-0.18856966998410096,0,0
476,0.0,1,1,0.8231634277640356,0.2807392179965973,0.01028350390072491,-0.1931522228182218,0,0
477,0.0,1,1,0.823323726337893,0.2852210998535156,0.010194269697582168,-0.11717406923220103,0,0
478,0.0,1,1,0.8236323251860403,0.28438231348991394,0.00995837905472621,-0.17086384842922422,0,0
479,0.0,1,1,0.8237977169621633,0.28066393733024597,0.009880556894468826,-0.25762804170547227,0,0
480,0.0,1,1,0.8239595763875663,0.2741243541240692,0.00982409476346697,-0.3976576665014726,0,0
481,0.0,1,1,0.8241055266960585,0.2679446041584015,0.009780790391362648,-0.528411726664923,0,0
482,0.0,1,1,0.8241417774482942,0.26963475346565247,0.009857592501224952,-0.4825001945188781,0,0
483,0.0,1,1,0.8243005741158123,0.27436137199401855,0.009808573337621545,-0.39532767968194915,0,0
484,0.0,1,1,0.8245215685659475,0.276414155960083,0.009696992723653255,-0.37157755692389693,0,0
485,0.0,1,1,0.8248507670275324,0.2758084535598755,0.00948352439202732,-0.41708710133258386,0,0
486,0.0,1,1,0.8251223145140131,0.2737606167793274,0.009353057259425685,-0.4785609049564834,0,0
487,0.0,1,1,0.8257892317468818,0.2687321901321411,0.008842367427462743,-0.6592501547390763,0,0
488,0.0,1,1,0.8262668332511038,0.26526767015457153,0.008565074400666142,-0.772090889679111,0,0
489,0.0,1,1,0.826811312497704,0.2673729956150055,0.00824852097281757,-0.7793161264628945,0,0
490,0.0,1,1,0.8270144113510637,0.27242130041122437,0.008317642039405129,-0.667228604732089,0,0
491,0.0,1,1,0.827325863543416,0.27006253600120544,0.00828126010326913,-0.7202387255013816,0,0
492,0.0,1,1,0.8275244737579931,0.2657995820045471,0.00836851683194365,-0.7921334315606803,0,0
493,0.0,1,1,0.8276463433831593,0.2645014524459839,0.00852465781905974,-0.7937794627560129,0,0
494,0.0,1,1,0.8277267870936323,0.2647946774959564,0.008719115995800743,-0.7575098684449345,0,0
495,0.0,1,1,0.8278171803648441,0.2704128921031952,0.008897809203593716,-0.6168659838898268,0,0
496,0.0,1,1,0.8281775670259999,0.2690194547176361,0.008802540661636899,-0.6597100529473248,0,0
497,0.0,1,1,0.8285890342952589,0.26456767320632935,0.00867934407649973,-0.7682792136211142,0,0
498,0.0,1,1,0.828849129065317,0.2658235728740692,0.008725567890687744,-0.7358584704044188,0,0
499,0.0,1,1,0.8289044951094183,0.2631789445877075,0.008979313310827146,-0.7492680429149277,0,0
500,0.0,1,1,0.8292125327991241,0.2707817852497101,0.008960827626970369,-0.5996173038053606,0,0
501,0.0,1,1,0.82911221397479,0.26053157448768616,0.009353304900241015,-0.7439426822546816,0,0
502,0.0,1,1,0.8291221828436564,0.259531170129776,0.009580691904796632,-0.7284822464055212,0,0
503,0.0,1,1,0.8286706824361438,0.26386913657188416,0.010236145854634329,-0.5390248486444051,0,0
504,0.0,1,1,0.8287178824743378,0.263401061296463,0.0103217579549004,-0.5350381181795947,0,0
505,0.0,1,1,0.828497843462346,0.2619430124759674,0.010663473475697436,-0.5108943802560313,0,0
506,0.0,1,1,0.8281688822155009,0.2621411085128784,0.011076147573894699,-0.4424344812433606,0,0
507,0.0,1,1,0.8278425553277725,0.2603439390659332,0.011448503637159348,-0.42030671758677157,0,0
508,0.0,1,1,0.8276350859781411,0.2634378969669342,0.01166998812569174,-0.32362151399733874,0,0
509,0.0,1,1,0.827207166091079,0.2622023820877075,0.012091357933075824,-0.2825660109886467,0,0
510,0.0,1,1,0.8267325521745041,0.25935661792755127,0.012522399401524633,-0.2723063777750238,0,0
511,0.0,1,1,0.8262905352865522,0.25870242714881897,0.012861200942941202,-0.23248980442814404,0,0
512,0.0,1,1,0.8258600737761582,0.2599603831768036,0.013127483952713237,-0.16564084656492994,0,0
513,0.0,1,1,0.8257586626268899,0.254761666059494,0.013015391152755922,-0.28746102323739636,0,0
514,0.0,1,1,0.8255079999063332,0.25782930850982666,0.013041351553132059,-0.22185684337616207,0,0
515,0.0,1,1,0.8253553545846648,0.2583528459072113,0.012929387382458215,-0.22884864653833237,0,0
516,0.0,1,1,0.8251982733551717,0.26005080342292786,0.012818121512656655,-0.21216839046577635,0,0
517,0.0,1,1,0.8250448680090436,0.25474435091018677,0.012691247609607246,-0.33845984208374186,0,0
518,0.0,1,1,0.8250231167174237,0.2584669888019562,0.01245401215643434,-0.30084177225971853,0,0
519,0.0,1,1,0.8251309621905106,0.26084277033805847,0.01208225484356781,-0.3112670083348311,0,0
520,0.0,1,1,0.8253007264235854,0.26298853754997253,0.0116719990910762,-0.33232298445162345,0,0
521,0.0,1,1,0.8256343030644615,0.25558406114578247,0.011133554179349017,-0.5650211065661698,0,0
522,0.0,1,1,0.8260633861889516,0.24929466843605042,0.010546738750336722,-0.7829052705032553,0,0
523,0.0,1,1,0.8264876676197056,0.25055935978889465,0.010010193048926317,-0.8413730428210948,0,0
524,0.0,1,1,0.8270565684304987,0.25605157017707825,0.009389899490177989,-0.8281087529926789,0,0
525,0.0,1,1,0.8278266852075546,0.25963759422302246,0.008642926731407352,-0.8728843565989058,0,0
526,0.0,1,1,0.8286402200586012,0.25847527384757996,0.007939116874718157,-1.0061834847323141,0,0
527,0.0,1,1,0.8292641999153222,0.2656427025794983,0.007513718895314485,-0.9288536720415588,0,0
528,0.0,1,1,0.8297647947707032,0.26206591725349426,0.007263519560535781,-1.0397131165316535,0,0
529,0.0,1,1,0.8306281756777495,0.2580830454826355,0.006704195429515916,-1.2070246165414464,0,0
530,0.0,1,1,0.8310588214345969,0.25574052333831787,0.006650179750746024,-1.262464350376183,0,0
531,0.0,1,1,0.8313386024063446,0.24908457696437836,0.006789009356100076,-1.3743118872480833,0,0
532,0.0,1,1,0.8316188529400206,0.2501400113105774,0.0069583112793741705,-1.3266807048065843,0,0
533,0.0,1,1,0.8322832041025059,0.2578931450843811,0.006765084132788639,-1.201320068149686,0,0
534,0.0,1,1,0.8319097891994057,0.249430850148201,0.007649373458174181,-1.2329219692036921,0,0
535,0.0,1,1,0.8314459643344639,0.2508765757083893,0.00858527423567456,-1.057669688020745,0,0
536,0.0,1,1,0.8309174995146941,0.2552317976951599,0.00952885771758746,-0.8228422996373015,0,0
537,0.0,1,1,0.8304397958006162,0.2527935802936554,0.010353283812075485,-0.7429346768016617,0,0
538,0.0,1,1,0.8301915294927855,0.25209611654281616,0.010883844989971232,-0.6740215067522454,0,0
539,0.0,1,1,0.8299892288516528,0.25615790486335754,0.011310071421267267,-0.5259248202496943,0,0
540,0.0,1,1,0.8294262868447182,0.26199284195899963,0.012027480831351769,-0.29675169586588646,0,0
541,0.0,1,1,0.8293999430181475,0.2563091814517975,0.012109972285502297,-0.39789533512243436,0,0
542,0.0,1,1,0.8293143819672482,0.255562424659729,0.012205229272317684,-0.3979927903133602,0,0
543,0.0,1,1,0.8290590134782112,0.25635865330696106,0.012428425418250708,-0.3471405378589274,0,0
544,0.0,1,1,0.8288169655125277,0.25438937544822693,0.012558390369681474,-0.36634245952704386,0,0
545,0.0,1,1,0.8283650628262514,0.2492953985929489,0.012850160490095654,-0.42295263279028217,0,0
546,0.0,1,1,0.828149367047663,0.2520403265953064,0.012853460584391772,-0.36736417575125185,0,0
547,0.0,1,1,0.8280140068546217,0.25257110595703125,0.012741000356550363,-0.3742881950254408,0,0
548,0.0,1,1,0.8277658508505998,0.25805482268333435,0.012684213700009042,-0.27313943063329876,0,0
549,0.0,1,1,0.8275555637633154,0.2577826976776123,0.012598505190950198,-0.2919922112340295,0,0
550,0.0,1,1,0.8275395094573214,0.2558225691318512,0.012336673741862212,-0.372233574208932,0,0
551,0.0,1,1,0.8276593372621147,0.2577758729457855,0.0119755609329708,-0.38947184406753826,0,0
552,0.0,1,1,0.8277997186460297,0.25527361035346985,0.01163657536773423,-0.4926465764015585,0,0
553,0.0,1,1,0.8278557429483124,0.25145623087882996,0.011409707433540417,-0.6046873556189083,0,0
554,0.0,1,1,0.827755744992942,0.2523704469203949,0.01135731353867223,-0.5945322015330498,0,0
555,0.0,1,1,0.8274050271704763,0.2512625753879547,0.01158870694315398,-0.5806018806789552,0,0
556,0.0,1,1,0.8273751295311758,0.25240322947502136,0.011476110593335111,-0.5753109683037613,0,0
557,0.0,1,1,0.8271885824685353,0.2506314516067505,0.011524139624827512,-0.6033538507540394,0,0
558,0.0,1,1,0.8270352066633823,0.2527214288711548,0.01154391321500373,-0.5583317908386507,0,0
559,0.0,1,1,0.8270678973072286,0.25312089920043945,0.011383954081932688,-0.5753126131287015,0,0
560,0.0,1,1,0.8272017520167407,0.2501516342163086,0.011157444692490383,-0.670281246893436,0,0
561,0.0,1,1,0.8274978523505284,0.2490527331829071,0.010793657570779682,-0.7491752270570268,0,0
562,0.0,1,1,0.827754510300461,0.2516009509563446,0.010500131441983307,-0.7439162090334638,0,0
563,0.0,1,1,0.8281084972065631,0.24889697134494781,0.010145334496585565,-0.8536088071337998,0,0
564,0.0,1,1,0.8283693022680877,0.25163188576698303,0.009924024681007235,-0.8333193192762682,0,0
565,0.0,1,1,0.8286926235058755,0.25183922052383423,0.009659974358274195,-0.8704205767118742,0,0
566,0.0,1,1,0.8291547814699196,0.2515016198158264,0.00927162255449868,-0.9378787655424832,0,0
567,0.0,1,1,0.8292777752825053,0.24905620515346527,0.009245418943619363,-0.9910369023702923,0,0
568,0.0,1,1,0.8294418222708825,0.25081008672714233,0.009182945693398867,-0.9656101685626324,0,0
569,0.0,1,1,0.8296816574287211,0.25047895312309265,0.009063544626841677,-0.9909117429849656,0,0
570,0.0,1,1,0.8299046179287717,0.24799932539463043,0.009003200573808616,-1.0500911767410837,0,0
571,0.0,1,1,0.8306983516931428,0.24654331803321838,0.008390144552122955,-1.175101281128541,0,0
572,0.0,1,1,0.8310543343433412,0.2497696429491043,0.008284859703682203,-1.1268220655817207,0,0
573,0.0,1,1,0.8311864947931558,0.2540445029735565,0.008439779802436131,-1.0168453742686694,0,0
574,0.0,1,1,0.8311119651115179,0.2521332800388336,0.008808495018783115,-0.9975748463073624,0,0
575,0.0,1,1,0.8311714048650567,0.2502572536468506,0.0090283562005855,-1.0008584280207862,0,0
576,0.0,1,1,0.8311515714232406,0.25375446677207947,0.0093105862505822,-0.8865902845199002,0,0
577,0.0,1,1,0.83091003922404,0.24704021215438843,0.009794765672838419,-0.9456425289183606,0,0
578,0.0,1,1,0.8307140953749189,0.2479328215122223,0.010190819666065054,-0.8658453796163884,0,0
579,0.0,1,1,0.8303633992306882,0.25041642785072327,0.010709001032212237,-0.7350434077196284,0,0
580,0.0,1,1,0.8302099414503052,0.2500286400318146,0.010981799935796153,-0.7001955912220309,0,0
581,0.0,1,1,0.8300332926505769,0.2519970238208771,0.011233817305552039,-0.6213221700810933,0,0
582,0.0,1,1,0.8297577418127031,0.24927517771720886,0.011563333669716649,-0.6244408575493899,0,0
583,0.0,1,1,0.8296980185528227,0.25177404284477234,0.011645622611155728,-0.5614462960167972,0,0
584,0.0,1,1,0.8295273278746251,0.25237488746643066,0.011817481941074792,-0.5225361339709134,0,0
585,0.0,1,1,0.8292274998953811,0.25179678201675415,0.01209036063073689,-0.4914942817200356,0,0
586,0.0,1,1,0.8289605126291808,0.248841792345047,0.012252287054239966,-0.5254786280997316,0,0
587,0.0,1,1,0.8286320406585457,0.24989229440689087,0.012431200331006491,-0.47644451214868777,0,0
588,0.0,1,1,0.8283188805283271,0.2516436278820038,0.012561899451610023,-0.4208833422944456,0,0
589,0.0,1,1,0.828052166257422,0.24802036583423615,0.012629107680858731,-0.4830764337558743,0,0
590,0.0,1,1,0.8280052445638779,0.2490064650774002,0.012453226616714568,-0.49077544290463054,0,0
591,0.0,1,1,0.8279682582112582,0.24661505222320557,0.012265475336522677,-0.5680939271708418,0,0
592,0.0,1,1,0.8279523866566305,0.24699723720550537,0.01207121967595165,-0.5907808078845911,0,0
593,0.0,1,1,0.8278229744009654,0.24973681569099426,0.012003367023167575,-0.546418172906717,0,0
594,0.0,1,1,0.827931117258502,0.24694304168224335,0.011713765249222225,-0.6477248103725797,0,0
595,0.0,1,1,0.8277335183952121,0.24859069287776947,0.011748590955954699,-0.6092252672238119,0,0
596,0.0,1,1,0.827508525555177,0.2463819533586502,0.011809314206320976,-0.6440514881327184,0,0
597,0.0,1,1,0.8274244402585347,0.24921278655529022,0.011732741198854242,-0.5992206298406147,0,0
598,0.0,1,1,0.8271340714294336,0.2509291172027588,0.011860711578363294,-0.5447881374892126,0,0
599,0.0,1,1,0.8269876017315458,0.251088410615921,0.011836234387308828,-0.545417021371532,0,0
600,0.0,1,1,0.8267035582214146,0.25231271982192993,0.01196028517145182,-0.5014686707491718,0,0
601,0.0,1,1,0.8265494189664242,0.24925090372562408,0.011953213397316078,-0.5640043734830205,0,0
602,0.0,1,1,0.8265105241282493,0.2532525360584259,0.011843349543196562,-0.5008853279228094,0,0
603,0.0,1,1,0.826468564774479,0.25202426314353943,0.01175614058267556,-0.5391562160494067,0,0
604,0.0,1,1,0.8264930895540689,0.2510344684123993,0.011618501411446975,-0.5805227455503472,0,0
605,0.0,1,1,0.8263675086823399,0.2523444890975952,0.011636071211046737,-0.5514936893405605,0,0
606,0.0,1,1,0.8262996483749532,0.2566618025302887,0.011589592266367845,-0.4721363139640707,0,0
607,0.0,1,1,0.8261697665838155,0.2607937455177307,0.011601421323100032,-0.38738677004506855,0,0
608,0.0,1,1,0.8262258795522054,0.25999853014945984,0.011427222082056543,-0.4305623233599922,0,0
609,0.0,1,1,0.8261878964573628,0.25643497705459595,0.01134340248359224,-0.5151574024542713,0,0
610,0.0,1,1,0.826115408833742,0.25966736674308777,0.011305488540223776,-0.45622897368096443,0,0
611,0.0,1,1,0.8265146138627407,0.2535828649997711,0.010806775173979719,-0.6562352828342709,0,0
612,0.0,1,1,0.8265116939609365,0.25358760356903076,0.010744707476084383,-0.6658390521785151,0,0
613,0.0,1,1,0.8265791898804876,0.25125211477279663,0.01063275602306917,-0.7301908502250167,0,0
614,0.0,1,1,0.8266630764544118,0.2534632384777069,0.010519697174069365,-0.7034948755052716,0,0
615,0.0,1,1,0.8269551692952617,0.24996155500411987,0.010224712778433596,-0.8198457331360328,0,0
616,0.0,1,1,0.82705652328619,0.24886390566825867,0.010152340953850878,-0.8531773741433379,0,0
617,0.0,1,1,0.8272290590275668,0.25283655524253845,0.010018805152326902,-0.7943388562903498,0,0
618,0.0,1,1,0.8272559481414172,0.2551262378692627,0.010046237056554195,-0.7441133083162087,0,0
619,0.0,1,1,0.8273386765260555,0.2560339570045471,0.01001799857101221,-0.7303139247889409,0,0
620,1.0,1,1,0.8274842792111954,0.2501663565635681,0.009941765017566329,-0.8599507725214409,0,0
621,1.0,1,1,0.8275906275215764,0.24926255643367767,0.009920033195488311,-0.8814800026095049,0,0
622,1.0,1,1,0.8278244643761785,0.25254300236701965,0.009787686407869136,-0.8363436926978463,0,0
623,1.0,1,1,0.8279436276979932,0.24968427419662476,0.009782707716338213,-0.894477677302964,0,0
624,1.0,1,1,0.8280272092819418,0.25219646096229553,0.009824535506720347,-0.8375383901912231,0,0
625,1.0,1,1,0.8279497232242249,0.2518799304962158,0.010038578739308721,-0.810442200560039,0,0
626,1.0,1,1,0.8278908554432163,0.2563052773475647,0.010199954331851915,-0.6964374711921932,0,0
627,1.0,1,1,0.8277993336638684,0.2556735575199127,0.010389987645648373,-0.67941691864061,0,0
628,1.0,1,1,0.827934208368706,0.2513768672943115,0.010342266068195074,-0.7730805115800489,0,0
629,1.0,1,1,0.828045062589796,0.2546394467353821,0.010322206983840343,-0.7107563302469443,0,0
630,1.0,1,1,0.8282621768618155,0.2560635507106781,0.010182942232859085,-0.703945695758966,0,0
631,1.0,1,1,0.828370835984264,0.255644828081131,0.01016040122295526,-0.715869034219196,0,0
632,1.0,1,1,0.8286416952839073,0.2557263672351837,0.009971097420218875,-0.7438141243439984,0,0
633,1.0,1,1,0.8286911716462915,0.25653591752052307,0.010020602996583996,-0.71983588221299,0,0
634,1.0,1,1,0.8287458596405324,0.25505512952804565,0.010062521796645654,-0.7429952972778431,0,0
635,1.0,1,1,0.8291698743503274,0.2511497139930725,0.00972861997466041,-0.87352774714143,0,0
636,1.0,1,1,0.8293565059486643,0.2518623471260071,0.009654791721234322,-0.8707664276609197,0,0
637,1.0,1,1,0.8293683895038751,0.2502618730068207,0.009752339706915294,-0.8876344168503987,0,0
638,1.0,1,1,0.8293152228765845,0.25298255681991577,0.009907275034626033,-0.8088375113934545,0,0
639,1.0,1,1,0.8293325257949709,0.2575196921825409,0.009981973087285632,-0.7061343488340107,0,0
640,1.0,1,1,0.8291785324629856,0.25188571214675903,0.010234738031467063,-0.7796738976443603,0,0
641,1.0,1,1,0.8294791598938465,0.255492627620697,0.010026087530589685,-0.7399108704066784,0,0
642,1.0,1,1,0.8295015134102518,0.2558564841747284,0.010123721602039924,-0.7173541209133496,0,0
643,1.0,1,1,0.829450865534735,0.2567637264728546,0.010286319837667122,-0.673743718647881,0,0
644,1.0,1,1,0.8290791734896905,0.2552044093608856,0.010758426378778694,-0.6312565726467648,0,0
645,1.0,1,1,0.8290936667080337,0.26009076833724976,0.010802290062426532,-0.5263650226347804,0,0
646,1.0,1,1,0.828972785838088,0.25455230474472046,0.01097480169835586,-0.610528747142455,0,0
647,1.0,1,1,0.8287257435094976,0.25865551829338074,0.011245493352244887,-0.4859051495536893,0,0
648,1.0,1,1,0.8286238195298882,0.256290078163147,0.01134988675065472,-0.5170513302974085,0,0
649,1.0,1,1,0.8285127041557562,0.25211796164512634,0.011452284974026419,-0.5847574766111233,0,0
650,1.0,1,1,0.8284506475149915,0.25446265935897827,0.0114674008866074,-0.5353526603967521,0,0
651,1.0,1,1,0.8282826681269695,0.25313490629196167,0.011570676100795676,-0.5458539694054677,0,0
652,1.0,1,1,0.828173730688206,0.2540285885334015,0.011602062012637344,-0.523019168944435,0,0
653,1.0,1,1,0.8281092995235522,0.24919156730175018,0.011584958020978411,-0.6227393015404696,0,0
654,1.0,1,1,0.8282151506603488,0.25672319531440735,0.011391733579080457,-0.5018224161195799,0,0
655,1.0,1,1,0.8283386329601287,0.2543531060218811,0.011199438293397954,-0.5794231325440062,0,0
656,1.0,1,1,0.8282335396321784,0.25702202320098877,0.011223065411796962,-0.5221833686475726,0,0
657,1.0,1,1,0.8281663968199363,0.25482797622680664,0.011199638668462361,-0.5698642780436668,0,0
658,1.0,1,1,0.8282503208443963,0.25064992904663086,0.011023966878659594,-0.6811412749544965,0,0
659,1.0,1,1,0.8281898099037286,0.2519097626209259,0.011025274058949161,-0.6556603806300159,0,0
660,1.0,1,1,0.8282809055451482,0.25330087542533875,0.010869617217222025,-0.6520731293301234,0,0
661,1.0,1,1,0.8283895303650796,0.26324981451034546,0.01071157237636641,-0.4771593536723879,0,0
662,1.0,1,1,0.8284718190612167,0.25684016942977905,0.01060526845562799,-0.6223703618709941,0,0
663,1.0,1,1,0.8285193344001964,0.2505941689014435,0.01054689594031458,-0.7568082208917133,0,0
664,1.0,1,1,0.82849856864812,0.25384244322776794,0.010568135281279605,-0.6883176626849672,0,0
665,1.0,1,1,0.828533095502898,0.25572556257247925,0.010537031364582203,-0.6553961265876219,0,0
666,1.0,1,1,0.8286323132030295,0.24854068458080292,0.010455701334159835,-0.8122585182906487,0,0
667,1.0,1,1,0.8287047134120961,0.2506139576435089,0.010416057019009288,-0.7768563813886655,0,0
668,1.0,1,1,0.8288878628491703,0.25480300188064575,0.010275437145402506,-0.7147832094444955,0,0
669,1.0,1,1,0.8286604862980903,0.2550726532936096,0.010550864567112572,-0.6663341432832782,0,0
670,1.0,1,1,0.8282760572345571,0.2567515969276428,0.010958283154785888,-0.5689845432329503,0,0
671,1.0,1,1,0.8280314584685545,0.25240814685821533,0.011205918892386948,-0.6174330862635372,0,0
672,1.0,1,1,0.8278768156825732,0.2565077841281891,0.011350923224698137,-0.5125214316882961,0,0
673,1.0,1,1,0.8280274347523752,0.25150352716445923,0.011173625214765956,-0.6406291795275545,0,0
674,1.0,1,1,0.8278734202454612,0.25494280457496643,0.011316041496583273,-0.5493710489704096,0,0
675,1.0,1,1,0.827735692645982,0.25891736149787903,0.01142466300322765,-0.45265420417330904,0,0
676,1.0,1,1,0.8277014944818275,0.2573276460170746,0.011412158473160905,-0.48650339743601434,0,0
677,1.0,1,1,0.8275394983774941,0.2517520487308502,0.011519131393252249,-0.5816533833807441,0,0
678,1.0,1,1,0.8274168758346653,0.25197675824165344,0.011571765648745165,-0.5689201811386733,0,0
679,1.0,1,1,0.8273094300881366,0.2504347860813141,0.011601947622884199,-0.5951411862931716,0,0
680,1.0,1,1,0.8271980829222467,0.2570165693759918,0.01162589011629114,-0.45934647484506447,0,0
681,1.0,1,1,0.8271490153439315,0.2586047649383545,0.011572512674550466,-0.435822645127639,0,0
682,1.0,1,1,0.8271219034381314,0.25701674818992615,0.011488503289767351,-0.4808112692748093,0,0
683,1.0,1,1,0.8271042263487316,0.25461265444755554,0.01138004042123582,-0.5459943862525686,0,0
684,1.0,1,1,0.8270599987849013,0.24866539239883423,0.011313106560111894,-0.6757763307990985,0,0
685,1.0,1,1,0.8274546901373306,0.24821467697620392,0.01083155388985003,-0.7600677752870606,0,0
686,1.0,1,1,0.8276010864088814,0.254782110452652,0.01064395988035469,-0.6576161522982802,0,0
687,1.0,1,1,0.8279902249105628,0.2501468062400818,0.010235126430552419,-0.8145016895122854,0,0
688,1.0,1,1,0.8278421110900366,0.2519987225532532,0.010380582405234944,-0.7546165390292476,0,0
689,1.0,1,1,0.8278517658255833,0.2519580125808716,0.010368691301443625,-0.7572914535566128,0,0
690,1.0,1,1,0.8280036780928702,0.2474132925271988,0.010225069975556769,-0.8709169008030431,0,0
691,1.0,1,1,0.8283391686663877,0.24871836602687836,0.009911163945685229,-0.8937842791414772,0,0
692,1.0,1,1,0.828455201012098,0.25118488073349,0.009852250906324436,-0.8535033261178101,0,0
693,1.0,1,1,0.8288456775861628,0.2532486319541931,0.009535940416362005,-0.8615247243199058,0,0
694,1.0,1,1,0.8289676582042477,0.24692414700984955,0.009523691762421849,-0.9903298321049401,0,0
695,1.0,1,1,0.8291829040605894,0.2473011612892151,0.009434844140508793,-0.9966491520693497,0,0
696,1.0,1,1,0.8292897568954362,0.2539806067943573,0.009473269071137562,-0.8566319389227504,0,0
697,1.0,1,1,0.8293588536900215,0.25129595398902893,0.009559018952073997,-0.8970959121360307,0,0
698,1.0,1,1,0.8294190114682606,0.2511458396911621,0.009659905983927044,-0.8843428855878896,0,0
699,1.0,1,1,0.8295640645804347,0.2517073452472687,0.009683353777707111,-0.8694131302306081,0,0
700,1.0,1,1,0.8298215416768016,0.2555539906024933,0.009576546284419165,-0.8089260670381729,0,0
701,1.0,1,1,0.8293315825498979,0.2492085099220276,0.010225109359031386,-0.8348924588740391,0,0
702,1.0,1,1,0.8292516410379144,0.24630852043628693,0.01040086213096743,-0.8656127736886712,0,0
703,1.0,1,1,0.8293191923343342,0.24544577300548553,0.010433991545110353,-0.8777456010644452,0,0
704,1.0,1,1,0.8290612080241963,0.2462519407272339,0.010796792034444749,-0.804879039946808,0,0
