frame,label,valid,inference_valid,phase,feature_raw,time_raw,score,alarm,evidence_type
8,0,0,0,0.14856829824814966,0.2079782336950302,nan,nan,0,0
9,0,0,0,0.14964657406429205,0.20439587533473969,nan,nan,0,0
10,0,0,0,0.14966040249111587,0.20999619364738464,nan,nan,0,0
11,0,0,0,0.1510790375635028,0.2142895758152008,nan,nan,0,0
12,0,0,0,0.1513550813358577,0.21656876802444458,0.0019754507788958793,-0.5418366737823948,0,0
13,0,0,0,0.1516848954494425,0.2189529985189438,0.0023423324372381068,-0.3432206201640391,0,0
14,0,0,0,0.15124986730714696,0.21697846055030823,0.003286940925821294,-0.0042474185793873465,0,0
15,0,0,0,0.15170382552097492,0.21787801384925842,0.003230348916001072,-0.007954050373445348,0,0
16,0,0,0,0.15145898344856096,0.22013001143932343,0.00363138797778306,0.2016267277314634,0,0
17,0,0,0,0.1502630697973583,0.21505829691886902,0.004853277157161548,0.586604799514461,0,0
18,0,0,0,0.15088362969784122,0.21580080687999725,0.0038772608436575652,0.2087856511228839,0,0
19,0,1,1,0.15167440789638229,0.21920937299728394,0.0029949232427901014,-0.07460305570076564,0,0
20,0,1,1,0.15190287574345945,0.2219281643629074,0.0027591009895647474,-0.11192956542045379,0,0
21,0,1,1,0.15036293060212627,0.21965362131595612,0.00441001920462254,0.5055015202135389,0,0
22,0,1,1,0.15094506056994542,0.22128039598464966,0.00385285443799539,0.3153825541568428,0,0
23,0,1,1,0.14940258977782409,0.22133103013038635,0.00541068294814277,0.9446825987971643,0,0
24,0,1,1,0.14774143502009177,0.2195393443107605,0.006503883176235539,1.3474637970269552,0,0
25,0,1,1,0.14736252053089843,0.21793082356452942,0.005842437484586985,1.046542720070943,0,0
26,0,1,1,0.14773780242325116,0.21679739654064178,0.00471705307442728,0.5686250644581441,0,0
27,0,1,1,0.14837760146999318,0.21334250271320343,0.003275439491011692,-0.08614835780399903,0,0
28,0,1,1,0.14839483589964,0.21325010061264038,0.0030019579844071083,-0.19839850709199197,0,0
29,0,1,1,0.1490778420221544,0.20993635058403015,0.0024823020817797943,-0.4783756394266052,0,0
30,0,1,1,0.15034230466718315,0.20844925940036774,0.001646669809565013,-0.8469604469225124,0,0
31,0,1,1,0.1513622606655329,0.21213653683662415,0.001277839372198328,-0.9173450735827196,0,0
32,0,1,1,0.15126576287570406,0.21265292167663574,0.0021205019609120525,-0.5665523093379554,0,0
33,0,1,1,0.15531472667690643,0.21022772789001465,0.00121073009627429,-0.9849696580041917,0,0
34,0,1,1,0.15530805359774522,0.20856522023677826,0.0009395278984001094,-1.1296647977506553,0,0
35,0,1,1,0.15519330696362227,0.21405650675296783,0.0017113480133383848,-0.7017257836008077,0,0
36,0,1,1,0.1562945812574371,0.20640389621257782,0.0015678352940459135,-0.9222151854358328,0,0
37,0,1,1,0.1591825821801632,0.20162348449230194,0.0012205046225934758,-1.1638648996261909,0,0
38,0,1,1,0.15975956565230912,0.20508098602294922,0.0007506868892122875,-1.2798572348223094,0,0
39,0,1,1,0.15940754332765314,0.19779278337955475,0.0017919197087182927,-1.014831846099229,0,0
40,0,1,1,0.16070463927886292,0.20057560503482819,0.0015483828485162417,-1.0539087982712123,0,0
41,0,1,1,0.16237020712350766,0.2007419764995575,0.0011442729156844623,-1.2133385112630986,0,0
42,0,1,1,0.16434093959215293,0.19853423535823822,0.0007713729720501055,-1.4106312195127162,0,0
43,0,1,1,0.16690673441330833,0.19787831604480743,0.001608948059775686,-1.0868011190386488,0,0
44,0,1,1,0.17100641594035498,0.20289218425750732,0.003833831815408531,-0.08303141418270663,0,0
45,0,1,1,0.17200395538137056,0.1927216649055481,0.0024755481751410034,-0.846905017140455,0,0
46,0,1,1,0.17215145259298983,0.1944165974855423,0.0015038927198706541,-1.2027269360212745,0,0
47,0,1,1,0.17317861124674974,0.19675734639167786,0.0011928575565746053,-1.278417750788753,0,0
48,0,1,1,0.17600194684572235,0.21286123991012573,0.0008568584796919288,-1.0717139819230834,0,0
49,0,1,1,0.1749274386848473,0.20673847198486328,0.001998506854849311,-0.7414290444231189,0,0
50,0,1,1,0.1764408165418276,0.2104262411594391,0.0012542979476306317,-0.9631817562528154,0,0
51,0,1,1,0.17819747077645898,0.20938149094581604,0.0008898573256446874,-1.1323499522980478,0,0
52,0,1,1,0.17834519779875788,0.20494967699050903,0.0016386744364446622,-0.9245495721908232,0,0
53,0,1,1,0.17807529274097916,0.19966815412044525,0.002494392232482279,-0.691695451647727,0,0
54,0,1,1,0.17822062261406582,0.2007514089345932,0.0031360258734285775,-0.4099256701418078,0,0
55,0,1,1,0.18197147919503476,0.20705075562000275,0.0014984699142383973,-0.9364425747447448,0,0
56,0,1,1,0.1826228788371266,0.20558322966098785,0.0010051904096869402,-1.1665513388996855,0,0
57,0,1,1,0.1809835459999947,0.20446546375751495,0.002830976369795399,-0.4540204080005828,0,0
58,0,1,1,0.1789428623490561,0.21036982536315918,0.005598723335487857,0.7875919071838204,0,0
59,0,1,1,0.17639522196785645,0.20570263266563416,0.008326923650435105,1.78861464169004,0,0
60,0,1,1,0.17230213549467283,0.2016269415616989,0.011025945816824156,2.790439921941655,0,0
61,0,1,1,0.1702464068949154,0.20529522001743317,0.01050148858096812,2.656892096329197,0,0
62,0,1,1,0.16978497110863675,0.21497662365436554,0.008278639590976963,1.966212068729063,0,0
63,0,1,1,0.16827869846631202,0.20313817262649536,0.0074954394231968565,1.3988089207992056,0,0
64,0,1,1,0.16584650730882547,0.20572037994861603,0.007898499705297279,1.6162216298791718,0,0
65,0,1,1,0.16561135582700426,0.2002975195646286,0.006519744140656672,0.9449783385844193,0,0
66,0,1,1,0.16445883273152398,0.20274579524993896,0.006513504469159157,0.9944870293136753,0,0
67,0,1,1,0.16374208135291238,0.19832639396190643,0.005898721253492567,0.6526533094930551,0,0
68,0,1,1,0.1659218145861381,0.20791511237621307,0.0029563095539320884,-0.3301736449967858,0,0
69,0,1,1,0.16642274848067154,0.2049257606267929,0.0021027266667116547,-0.7379198649070948,0,0
70,0,1,1,0.1680148979111626,0.20891337096691132,0.0007911093102852575,-1.1821193520095177,0,0
71,0,1,1,0.16740949955499343,0.20591801404953003,0.002207840050716223,-0.6744458659581887,0,0
72,0,1,1,0.16797144600492298,0.20621852576732635,0.0025627481513069263,-0.5249366353214228,0,0
73,0,1,1,0.1691774265548396,0.21131528913974762,0.0018691754560865277,-0.6963287197366694,0,0
74,0,1,1,0.16994852530729956,0.2081928849220276,0.0017867462221685922,-0.7959198226231684,0,0
75,0,1,1,0.1697411174588526,0.20357802510261536,0.0024775609196498157,-0.6153996802818407,0,0
76,0,1,1,0.1695511664782694,0.20501521229743958,0.0032504163761977707,-0.2731912635929951,0,0
77,0,1,1,0.17130379181996802,0.20962509512901306,0.002050643019087365,-0.6590644612683334,0,0
78,0,1,1,0.17292599609126005,0.20666596293449402,0.0011454527261740722,-1.0869801983550385,0,0
79,0,1,1,0.1749495913105579,0.20592309534549713,0.0007464456180200146,-1.2636730951814297,0,0
80,0,1,1,0.17550194679339587,0.20418599247932434,0.0003744705937789245,-1.4505919218687875,0,0
81,0,1,1,0.177412006003431,0.20633496344089508,0.0003552947394058941,-1.4126601090923347,0,0
82,0,1,1,0.1779950048643525,0.20488041639328003,0.0007943342082972179,-1.266517650941441,0,0
83,0,1,1,0.17774987254330532,0.20181050896644592,0.0023067187226174764,-0.7218541253075192,0,0
84,0,1,1,0.1767261325380038,0.2048339694738388,0.0040305290361058845,0.037552716566726735,0,0
85,0,1,1,0.17773172667775977,0.20463542640209198,0.0033309813325018674,-0.24877221739486483,0,0
86,0,1,1,0.17779607935601494,0.2020786851644516,0.0033465588228289407,-0.2968201074833874,0,0
87,0,1,1,0.1784085185416195,0.20865792036056519,0.0026843882601399445,-0.4240467017220529,0,0
88,0,1,1,0.18010915145283876,0.2196282297372818,0.0012803424995111758,-0.7571399223978124,0,0
89,0,1,1,0.17984212950711748,0.20566946268081665,0.0022611935229292475,-0.658211684823539,0,0
90,0,1,1,0.1789829519475902,0.2035498470067978,0.003647971789795962,-0.14400792640663995,0,0
91,0,1,1,0.17862502889794346,0.22018413245677948,0.004302612987336527,0.4734610790918224,0,0
92,0,1,1,0.1797366398751429,0.22374752163887024,0.003245129599218061,0.1227314229543407,0,0
93,0,1,1,0.17871347109391086,0.2144714593887329,0.004175170486026167,0.3006752568786396,0,0
94,0,1,1,0.17734925151874192,0.21750973165035248,0.005257225457893433,0.801596749632304,0,0
95,0,1,1,0.1745947549626747,0.2202630192041397,0.007603296906748586,1.8062011982677586,0,0
96,0,1,1,0.17318906966233685,0.20083065330982208,0.00800141372326926,1.5538187806598285,0,0
97,0,1,1,0.17012384508645748,0.20023144781589508,0.00942974574594711,2.1170880412612085,0,0
98,0,1,1,0.1693527573168699,0.20314401388168335,0.008053427013671326,1.6239521938853512,0,0
99,0,1,1,0.1673058417447592,0.2023758590221405,0.008101219035314019,1.626902230928422,0,0
100,0,1,1,0.16471733274878075,0.19927547872066498,0.00886749972681362,1.8700376085513442,0,0
101,0,1,1,0.16049206656922235,0.1957184374332428,0.01097483167798299,2.6442736311304342,0,0
102,0,1,1,0.15634059784505358,0.19378307461738586,0.012718355772842983,3.306257260858068,0,0
103,0,1,1,0.15435081261064404,0.1944991797208786,0.01145510113929844,2.8120426826513096,0,0
104,0,1,1,0.15133506427176185,0.19642029702663422,0.011232092194651832,2.762933103998546,0,0
105,0,1,1,0.14867073763300337,0.1946079283952713,0.010550851714155592,2.4496977079855293,0,0
106,0,1,1,0.14931034878669341,0.19852857291698456,0.006955908326410795,1.0832804081110996,0,0
107,0,1,1,0.15166517384843986,0.1953759640455246,0.00336297922487268,-0.43262862414866077,0,0
108,0,1,1,0.15204883459455618,0.19810082018375397,0.0017884505634069821,-1.0096851764401835,0,0
109,0,1,1,0.15387539973200637,0.19063594937324524,0.00046257282964611793,-1.7029964430608562,0,0
110,0,1,1,0.15502335794809077,0.19994176924228668,0.0003440153828935628,-1.5530617490640304,0,0
111,0,1,1,0.15858787146471098,0.2027219533920288,0.0018427259109491693,-0.8896002261893302,0,0
112,0,1,1,0.16290809118346325,0.1988927572965622,0.004432271225633669,0.07331435178135601,0,0
113,0,1,1,0.1653918490217636,0.2074681669473648,0.004201214916707249,0.1623607835003931,0,0
114,0,1,1,0.1654350105497762,0.2125285267829895,0.0022353960889108914,-0.5228624044595908,0,0
115,0,1,1,0.16764089726580406,0.22043472528457642,0.0012804951750621978,-0.7399406194653745,0,0
116,0,1,1,0.16883168075824234,0.2165277749300003,0.0004540203339843457,-1.1562536349380657,0,0
117,0,1,1,0.17132688876208566,0.2264205664396286,0.000910075340200575,-0.762122567821718,0,0
118,0,1,1,0.17321874197932977,0.26321855187416077,0.001318168622364199,0.1843924886144902,0,0
119,0,1,1,0.17323173179534895,0.24032527208328247,0.0006596275237652095,-0.5676505529677046,0,0
120,0,1,1,0.1728215473005902,0.21578675508499146,0.002422667546149973,-0.3781054616355723,0,0
121,0,1,1,0.17307480765543656,0.2118207961320877,0.003166873826890582,-0.16226523940309268,0,0
122,0,1,1,0.17173214278166996,0.21457508206367493,0.004946518423994917,0.6139379826042389,0,0
123,0,1,1,0.16844813754471735,0.20836438238620758,0.007858873861532566,1.6564258307179733,0,0
124,0,1,1,0.16562826869168082,0.20612980425357819,0.009482844151911207,2.263838890977247,0,0
125,0,1,1,0.1625262592848443,0.20617063343524933,0.010786533906520384,2.790444278731265,0,0
126,0,1,1,0.16117827843313431,0.20886240899562836,0.00949737766558231,2.3277666530395753,0,0
127,0,1,1,0.15770784985735714,0.20443227887153625,0.010329340154225566,2.5691327749084887,0,0
128,0,1,1,0.15350876813135894,0.20225873589515686,0.011843349958383707,3.1334991444218745,0,0
129,0,1,1,0.15214986567448616,0.20051153004169464,0.010172377275176028,2.422520027450372,0,0
130,0,1,1,0.15284064484749263,0.20404990017414093,0.006887499699580022,1.1730194957812583,0,0
131,0,1,1,0.15238658758271442,0.2015954703092575,0.005257148567947814,0.463393545005626,0,0
132,0,1,1,0.15361895945416643,0.20019623637199402,0.002694461127835138,-0.5997922965039268,0,0
133,0,1,1,0.15485194743588224,0.197543203830719,0.0014890209768211567,-1.1422850160361293,0,0
134,0,1,1,0.15583187018279096,0.19561566412448883,0.0011846186702614532,-1.3060005670412893,0,0
135,0,1,1,0.15670708759241184,0.19329833984375,0.0010572075944651456,-1.4066238040232453,0,0
136,0,1,1,0.16008949806231262,0.1960880011320114,0.0012450778730112326,-1.2715822516912398,0,0
137,0,1,1,0.162648367075414,0.20091386139392853,0.0021863122340760347,-0.7894637714903986,0,0
138,0,1,1,0.16512618696737288,0.19594289362430573,0.0027150272161520243,-0.6818805969788203,0,0
139,0,1,1,0.16942443059950604,0.20177574455738068,0.004689691652139702,0.23838647165467453,0,0
140,0,1,1,0.17256941056459676,0.20139026641845703,0.004655335865456858,0.21634057617652047,0,0
141,0,1,1,0.17612165996470563,0.206138476729393,0.005087607139994707,0.49155994208809717,0,0
142,0,1,1,0.1774033290998688,0.20232106745243073,0.003078509289851091,-0.39976566464213,0,0
143,0,1,1,0.17798859343171222,0.2074677050113678,0.0014460053659225269,-0.948739884333766,0,0
144,0,1,1,0.17979917178535595,0.20605631172657013,0.0007417462670663844,-1.2627373990939967,0,0
145,0,1,1,0.179867166893922,0.20588365197181702,0.00155297569947718,-0.9392625993086042,0,0
146,0,1,1,0.18012907882168558,0.20454815030097961,0.0022274405040176833,-0.6956507095337264,0,0
147,0,1,1,0.1806037603684559,0.20078538358211517,0.0024341963877015345,-0.6922298603352587,0,0
148,0,1,1,0.1815991082577538,0.20589959621429443,0.002092640232589563,-0.7212937641524079,0,0
149,0,1,1,0.1803914932398858,0.19211508333683014,0.0037502393685570597,-0.3457510930158621,0,0
150,0,1,1,0.18047529959454361,0.1977408528327942,0.0037975146003901535,-0.20714092164368259,0,0
151,0,1,1,0.1816092017893646,0.1958758533000946,0.0027501675987837123,-0.6691341490269336,0,0
152,0,1,1,0.17952177174068376,0.1962360143661499,0.005088958002691696,0.28168102199946105,0,0
153,0,1,1,0.17855071835552305,0.19657865166664124,0.005540677258584881,0.47112635239267936,0,0
154,0,1,1,0.17770148821225992,0.20463992655277252,0.00592971368075734,0.79931184174342,0,0
155,0,1,1,0.17497036622940754,0.20105856657028198,0.007967382818038795,1.5449382413477948,0,0
156,0,1,1,0.17256926258342106,0.19994130730628967,0.008708777574035997,1.8201784826623557,0,0
157,0,1,1,0.17009723633535723,0.20688743889331818,0.009442676532784185,2.2637399890087884,0,0
158,0,1,1,0.16907188490995323,0.21183645725250244,0.008354657453146699,1.9301403424228856,0,0
159,0,1,1,0.17011629941958592,0.20399518311023712,0.0051528421179373425,0.4723229916564073,0,0
160,0,1,1,0.17034341343470003,0.20389686524868011,0.0037122114003678404,-0.11072806708388368,0,0
161,0,1,1,0.1709789365661282,0.19424457848072052,0.002520225981759408,-0.796526485601526,0,0
162,0,1,1,0.17253389980797965,0.20094327628612518,0.0012447786139287188,-1.1685301232732082,0,0
163,0,1,1,0.17267576126990708,0.19884425401687622,0.0019093300601798731,-0.9451405162394169,0,0
164,0,1,1,0.17272950437542117,0.197205051779747,0.0024954524172460775,-0.7436079302564537,0,0
165,0,1,1,0.17270610606811096,0.19081832468509674,0.003115373459736612,-0.629328535319754,0,0
166,0,1,1,0.1721674843575648,0.20029468834400177,0.004085787545778427,-0.036621288072963304,0,0
167,0,1,1,0.17121909551895814,0.200081467628479,0.004942572521781358,0.3043627488896177,0,0
168,0,1,1,0.17214603761632213,0.19658881425857544,0.0036514639866801315,-0.29051901568636157,0,0
169,0,1,1,0.17258087742394304,0.2053724080324173,0.003070757489284465,-0.3380518617354802,0,0
170,0,1,1,0.1733311211697169,0.20629920065402985,0.002289206582468642,-0.6335331835621492,0,0
171,0,1,1,0.17427128926107222,0.19815613329410553,0.0016399476941513476,-1.068396410338596,0,0
172,0,1,1,0.17570614914392588,0.19826605916023254,0.0009681362468262318,-1.336981318016886,0,0
173,0,1,1,0.1755747909362287,0.1928558647632599,0.001989522336424324,-1.0400525178713647,0,0
174,0,1,1,0.17525304198649252,0.21064676344394684,0.0030597496642319035,-0.23041286573041087,0,0
175,0,1,1,0.1730159380930052,0.20742343366146088,0.005777333761913137,0.7970102321106115,0,0
176,0,1,1,0.1702909415291026,0.2114860862493515,0.00818849253379898,1.8556859115072395,0,0
177,0,1,1,0.16799641293539383,0.2016679048538208,0.009129219223801926,2.0264191672277736,0,0
178,0,1,1,0.16463442332792946,0.20458810031414032,0.010596614331057585,2.6802273376407517,0,0
179,0,1,1,0.1612275895017661,0.20050416886806488,0.011348793492580177,2.896775904193376,0,0
180,0,1,1,0.15810859985787776,0.2097802609205246,0.011520695988658746,3.163212410229489,0,0
181,0,1,1,0.15815220404715857,0.20614318549633026,0.008431506381571693,1.8401512101757767,0,0
182,0,1,1,0.1573007141991167,0.20549248158931732,0.00682194400755477,1.177237235653331,0,0
183,0,1,1,0.15740038369678758,0.20001158118247986,0.004888847227680707,0.28121193709793324,0,0
184,0,1,1,0.15608527658973012,0.2074379026889801,0.005247152883493531,0.5835121325602994,0,0
185,0,1,1,0.15839147602817072,0.2070213109254837,0.0028698315426386213,-0.3840405059502852,0,0
186,0,1,1,0.15816392204554827,0.20409807562828064,0.002722494605891493,-0.5055746129047665,0,0
187,0,1,1,0.15806976256932456,0.1956287920475006,0.0030324560437231226,-0.5605459050567415,0,0
188,0,1,1,0.1586849854146315,0.20432060956954956,0.0025845779165504486,-0.5564633865265379,0,0
189,0,1,1,0.15829935546927615,0.200490340590477,0.003620135068131106,-0.2202470013512043,0,0
190,0,1,1,0.1586442515279054,0.22724826633930206,0.0032522088697782532,0.1999758106226594,0,0
191,0,1,1,0.1595676733240046,0.20511798560619354,0.002448869444268334,-0.59424647146815,0,0
192,0,1,1,0.16055323134799612,0.2143707126379013,0.0018377891089467998,-0.6440592384410563,0,0
193,0,1,1,0.16143302056571862,0.2105667144060135,0.0014250613745654646,-0.8913331394492314,0,0
194,0,1,1,0.1622199602853873,0.2141660451889038,0.001421537929007369,-0.816269581501123,0,0
195,0,1,1,0.16438578679394727,0.2004890739917755,0.0005537625644191236,-1.4568471692424652,0,0
196,0,1,1,0.1647926197110077,0.21464043855667114,0.0009473340602431353,-0.9974206602494695,0,0
197,0,1,1,0.1644026862501041,0.20480836927890778,0.0023971146118996313,-0.6216968287080967,0,0
198,0,1,1,0.16563814296224766,0.20372015237808228,0.001904074320852431,-0.8436489475440854,0,0
199,0,1,1,0.1673359740482908,0.2027083784341812,0.0012211759323462346,-1.140540584112026,0,0
200,0,1,1,0.16994103939967095,0.21380317211151123,0.0011060830078290567,-0.9511937202710435,0,0
201,0,1,1,0.1713348753863735,0.20250500738620758,0.0009349335095530341,-1.260294865773019,0,0
202,0,1,1,0.17501890939655304,0.20332454144954681,0.002864447424418828,-0.4647667454199873,0,0
203,0,1,1,0.18062165193760202,0.2028193324804306,0.006121998356891453,0.8381673542715311,0,0
204,0,1,1,0.18632323500674824,0.20400772988796234,0.0085021619537099,1.8232667726845717,0,0
205,0,1,1,0.19630649841163386,0.20209935307502747,0.01438987645682613,4.15704774512269,0,0
206,0,1,1,0.20600799392843464,0.1979711353778839,0.01784846621731187,5.464066988043912,0,0
207,0,1,1,0.21779369579362703,0.19874395430088043,0.02188689694953383,7.109063397400935,0,0
208,0,1,1,0.2299536277495148,0.2096574306488037,0.024753817941415374,8.49711137700053,0,0
209,0,1,1,0.24530897360871431,0.22568248212337494,0.029201565614923236,10.631276986447936,0,0
210,0,1,1,0.26317706933734303,0.22261902689933777,0.034819042544281815,12.831534506899482,0,0
211,0,1,1,0.28123083854021036,0.22500179708003998,0.038580542894922056,14.399064324713144,0,0
212,0,1,1,0.30307813954272816,0.22390076518058777,0.04456855821079401,16.790449297087775,0,0
213,0,1,1,0.3227919897823337,0.22741249203681946,0.04600128050209624,17.44284481700711,0,0
214,0,1,1,0.3400127992867563,0.22037798166275024,0.043851335963114,16.426357879588984,0,0
215,0,1,1,0.3586629086709926,0.22292417287826538,0.043292512859996975,16.255107420971385,0,0
216,0,1,1,0.37434159113080984,0.21751295030117035,0.039613177787118654,14.656358821058358,0,0
217,0,1,1,0.3879551192557943,0.2564479112625122,0.03541084301508268,13.789040689179675,0,0
218,0,1,1,0.3988948905382704,0.2486414909362793,0.03005983192919362,11.465259751792805,0,0
219,0,1,1,0.40656450342164796,0.24046723544597626,0.023008921999692677,8.448145790575463,0,0
220,0,1,1,0.4130087966906061,0.24835938215255737,0.01747781658098696,6.385327147856254,0,0
221,0,1,1,0.41735502114129547,0.24551746249198914,0.012157239641727245,4.179313173408249,0,0
222,0,1,1,0.42085460658666096,0.24573193490505219,0.008306849615717486,2.6311273463541642,0,0
223,0,1,1,0.42412751937138077,0.23084577918052673,0.0060898333883396575,1.420747895696155,0,0
224,0,1,1,0.4275558736771633,0.2365785837173462,0.0051274337066889745,1.1544618374382085,0,0
225,0,1,1,0.42915117778514034,0.24290117621421814,0.003085968568026706,0.46555481000449905,0,0
226,0,1,1,0.4301058239880132,0.24157296121120453,0.0014944497668700606,-0.20447961076298682,0,0
227,0,1,1,0.4312271478744784,0.23818854987621307,0.0007761558870925606,-0.5660628263973494,0,0
228,0,1,1,0.43235369589979655,0.243307963013649,0.0007482639543907573,-0.4685251354493183,0,0
229,0,1,1,0.4333630958814349,0.23723509907722473,0.0009383195284107778,-0.5209277207452099,0,0
230,0,1,1,0.43400350447762975,0.2380124181509018,0.0013508904562895526,-0.3380328732921596,0,0
231,0,1,1,0.43465152731237533,0.22908523678779602,0.001677287743948039,-0.3961062545947335,0,0
232,0,1,1,0.43490787222602656,0.24472394585609436,0.0022770376897710528,0.17807117395015049,0,0
233,0,1,1,0.4349845176453294,0.2445880025625229,0.002838936352025698,0.4017787919125196,0,0
234,0,1,1,0.4350304234719055,0.23936331272125244,0.003198385966423298,0.4357109747566285,0,0
235,0,1,1,0.4345781606868317,0.2401893138885498,0.003907378500066017,0.7391779703805923,0,0
236,0,1,1,0.43327453919372133,0.24757279455661774,0.005192658336790471,1.4143878493785103,0,0
237,0,1,1,0.4330685554543159,0.2497391402721405,0.00499030881811961,1.3788205921327679,0,0
238,0,1,1,0.4329514607828827,0.2452547252178192,0.004628412941799398,1.13758700124009,0,0
239,0,1,1,0.43242811317694696,0.2505115568637848,0.004632019875479451,1.250747304148963,0,0
240,0,1,1,0.4319113358747482,0.25500741600990295,0.004611285300207002,1.3379210432666204,0,0
241,0,1,1,0.4319142755912902,0.2513042986392975,0.004267544753921754,1.1206112240923518,0,0
242,0,1,1,0.4321669623841171,0.255004346370697,0.0037262879953383872,0.9809637556327716,0,0
243,0,1,1,0.432556098559145,0.2642934322357178,0.0031410272206190944,0.9423358312298864,0,0
244,0,1,1,0.4330816474989179,0.26920250058174133,0.002647474626395749,0.8476172209418813,0,0
245,0,1,1,0.43339934382152845,0.26596859097480774,0.0026223562098275895,0.7687683508007597,0,0
246,0,1,1,0.43391114236028466,0.2554667592048645,0.0024818247286310076,0.48893628748637,0,0
247,0,1,1,0.43416796472060953,0.2551901936531067,0.0026610473623479543,0.555334319921508,0,0
248,0,1,1,0.4342551555432503,0.2618025541305542,0.0029768230800733516,0.8231871335567602,0,0
249,0,1,1,0.43440507907584475,0.260292112827301,0.0031202765585620048,0.8489411655952397,0,0
250,0,1,1,0.43495323486601695,0.2596214711666107,0.0028235545819688653,0.7150314752245642,0,0
251,0,1,1,0.43505388123897926,0.2568054795265198,0.0029834313354396543,0.7196660422063195,0,0
252,0,1,1,0.43613562113674403,0.2536087930202484,0.0021231705672672936,0.30482105202577103,0,0
253,0,1,1,0.43632056994535273,0.25079578161239624,0.0024083381570320058,0.36004486954539394,0,0
254,0,1,1,0.43602627316508685,0.25485602021217346,0.003181507654674909,0.7581188064128039,0,0
255,0,1,1,0.4366570591911727,0.2570710778236389,0.002818981203356494,0.6589922529558632,0,0
256,0,1,1,0.43702738640115435,0.2586376368999481,0.002849448481423264,0.7045675683972594,0,0
257,0,1,1,0.4369961610703959,0.24030734598636627,0.0031036151282842874,0.4175531844728716,0,0
258,0,1,1,0.43702548930415047,0.23330147564411163,0.0032431846757904727,0.3249651023503015,0,0
259,0,1,1,0.43669561404603896,0.2366856187582016,0.003822863968667903,0.6306436398901909,0,0
260,0,1,1,0.43698300065421214,0.25076720118522644,0.0035451160742112882,0.8178649436469952,0,0
261,0,1,1,0.4366366880192939,0.2511306703090668,0.00388033227239398,0.9607708604049215,0,0
262,0,1,1,0.43768640188800395,0.26800549030303955,0.0027407501409084075,0.859796324978664,0,0
263,0,1,1,0.43791442369191663,0.2644541561603546,0.0026779564829591236,0.759009039904331,0,0
264,0,1,1,0.4377246303781271,0.2674354910850525,0.0031724522082180713,1.0217761517405033,0,0
265,0,1,1,0.43732277983484996,0.23774825036525726,0.0037597101824739495,0.6277562005375,0,0
266,0,1,1,0.4373598781091677,0.24310053884983063,0.003894134862045204,0.7956996796505227,0,0
267,0,1,1,0.4377574171102409,0.26814004778862,0.0034149649162629444,1.1345456018250233,0,0
268,0,1,1,0.43748167731011717,0.24536849558353424,0.003651453070967756,0.7460268603066398,0,0
269,0,1,1,0.4370312450871799,0.2545800805091858,0.004041147026902556,1.0989211777431336,0,0
270,0,1,1,0.4369878336208585,0.24122895300388336,0.004011674806306401,0.8033293956524692,0,0
271,0,1,1,0.4362201769184104,0.2383262813091278,0.004686320386677209,1.0137124004190243,0,0
272,0,1,1,0.43576087106802386,0.24012233316898346,0.004761316189106146,1.08212133061698,0,0
273,0,1,1,0.4363214846401007,0.23702670633792877,0.003770501056506001,0.6167752814393298,0,0
274,0,1,1,0.43672716614133816,0.24154341220855713,0.003187379443498753,0.4775986961197904,0,0
275,0,1,1,0.43759382427834304,0.25951769948005676,0.0022555544366137355,0.48376946260058973,0,0
276,0,1,1,0.43733578992989824,0.24402083456516266,0.0028570006250417225,0.39701144364197705,0,0
277,0,1,1,0.43732860564527665,0.24101074039936066,0.0032579146251319026,0.494724274790944,0,0
278,0,1,1,0.43607753237608776,0.24405039846897125,0.004760768145614766,1.1653702637716983,0,0
279,0,1,1,0.4354914238941379,0.24212387204170227,0.005184468186252009,1.295297416493333,0,0
280,0,1,1,0.4357363671594145,0.2371470183134079,0.004413924824924154,0.8788047850509668,0,0
281,0,1,1,0.4363044538948226,0.23974201083183289,0.0034459823968951255,0.5436061577747597,0,0
282,0,1,1,0.4359690171147345,0.24172207713127136,0.0035253812393696822,0.6177009370574091,0,0
283,0,1,1,0.43520933192813693,0.23910409212112427,0.004257937610628951,0.8574870611290479,0,0
284,0,1,1,0.4353946072937207,0.24108745157718658,0.004002139253544934,0.7964771487084865,0,0
285,0,1,1,0.435878598144976,0.23595987260341644,0.003432708435866208,0.457884133989218,0,0
286,0,1,1,0.4361946128389785,0.23524847626686096,0.003010229804402101,0.272394649819772,0,0
287,0,1,1,0.43719596046405745,0.23820358514785767,0.002065281110384118,-0.04587897504917393,0,0
288,0,1,1,0.43725829383872944,0.23392735421657562,0.002499604869692193,0.03840203899281752,0,0
289,0,1,1,0.43711005167462824,0.2304696887731552,0.0031137686700455887,0.2126011983622917,0,0
290,0,1,1,0.43730952437711057,0.23385551571846008,0.0032221593499763253,0.32825938601655624,0,0
291,0,1,1,0.43712495383573585,0.23961184918880463,0.0036854577758840936,0.6374132892296536,0,0
292,0,1,1,0.4366462028164262,0.24342621862888336,0.004146457138113344,0.9043740300928544,0,0
293,0,1,1,0.4372923138746785,0.23636478185653687,0.0033473233242852203,0.4320551302603418,0,0
294,0,1,1,0.43745727168765125,0.24512389302253723,0.0032279310613250152,0.5700358099247139,0,0
295,0,1,1,0.4375416062192562,0.2673751413822174,0.003180533357355267,1.0237526204321983,0,0
296,0,1,1,0.4378710225045308,0.2720554769039154,0.0029552801679607306,1.0323703789770515,0,0
297,0,1,1,0.4379968298276101,0.2824063003063202,0.003135677766907566,1.3250703431285569,0,0
298,0,1,1,0.43863937875349457,0.2714217007160187,0.0026692578292560306,0.9035588995857224,0,0
299,0,1,1,0.4393248510637829,0.2620142698287964,0.002279312285428545,0.546401469913371,0,0
300,0,1,1,0.43951445491579666,0.2621380090713501,0.0025355196445464552,0.6523513921772699,0,0
301,0,1,1,0.4393251441214477,0.261954665184021,0.0031356885417118787,0.8904849678210028,0,0
302,0,1,1,0.4398655647216324,0.26514187455177307,0.002927346514986576,0.8741940942449066,0,0
303,0,1,1,0.4396241660207528,0.2667354643344879,0.003475291707900616,1.1290266507347049,0,0
304,0,1,1,0.4402977342463604,0.2661028802394867,0.0028765522215354862,0.8741313429102611,0,0
305,0,1,1,0.4416955558016119,0.26029497385025024,0.0016745504989249512,0.2659853269529865,0,0
306,0,1,1,0.44113627454286464,0.2607705593109131,0.002826434677713233,0.7406106290374087,0,0
307,0,1,1,0.4417156846209453,0.25567227602005005,0.0025647020549406626,0.526725308251561,0,0
308,0,1,1,0.4426731278175787,0.2539500296115875,0.002130138508355331,0.3148821592925162,0,0
309,0,1,1,0.44246214436502324,0.25330743193626404,0.0029349703537154105,0.6257910020795083,0,0
310,0,1,1,0.44238452492284486,0.258273720741272,0.003204236936746635,0.8399097019202691,0,0
311,0,1,1,0.4424790732241837,0.2701858580112457,0.00342175123040282,1.1807550269646743,0,0
312,0,1,1,0.4428389757275905,0.2697163224220276,0.003252695877805631,1.102602770055931,0,0
313,0,1,1,0.4433781880005179,0.25247859954833984,0.002754945582381177,0.5355801928880177,0,0
314,0,1,1,0.4434328005231433,0.26477378606796265,0.002929343968629425,0.8671778607304401,0,0
315,0,1,1,0.44299187581877525,0.2600618302822113,0.003632337573072128,1.0505461262602114,0,0
316,0,1,1,0.4436475876670775,0.2493041604757309,0.0031048263734177435,0.6092206394030348,0,0
317,0,1,1,0.4435098748062082,0.23905707895755768,0.0034446922191588404,0.5285313186877775,0,0
318,0,1,1,0.4434643467767876,0.24066980183124542,0.0035231419500019847,0.5944374379649744,0,0
319,0,1,1,0.4438872723622437,0.24231112003326416,0.00310810292795696,0.46194243650647937,0,0
320,0,1,1,0.44350411512304055,0.24624337255954742,0.003715109303027192,0.7902882649629679,0,0
321,0,1,1,0.44266971510488,0.2563488483428955,0.004513641185178494,1.3270491331781162,0,0
322,0,1,1,0.44325705100708745,0.2701352834701538,0.0037162653576389955,1.2984487810403575,0,0
323,0,1,1,0.4432724447333925,0.26624050736427307,0.0036490476889089437,1.1885794138221915,0,0
324,0,1,1,0.4432414653684026,0.2663736939430237,0.003526320146686063,1.1419173551812423,0,0
325,0,1,1,0.44357760120820894,0.2622763514518738,0.0031245218682202066,0.8928175083653984,0,0
326,0,1,1,0.44415600400600197,0.2534444332122803,0.0027730905962593784,0.5634211260925572,0,0
327,0,1,1,0.444015446412075,0.2504807114601135,0.0031383864399150115,0.6477556523880601,0,0
328,0,1,1,0.44389555054522933,0.24787916243076324,0.003444032726431287,0.7157313930657057,0,0
329,0,1,1,0.4441738719039925,0.24400441348552704,0.0033292326618748177,0.587099086115121,0,0
330,0,1,1,0.44439565782674423,0.24206312000751495,0.0032565144130689535,0.5165222919580293,0,0
331,0,1,1,0.44452012279067715,0.23733438551425934,0.0031919629043216076,0.3900067958058224,0,0
332,0,1,1,0.44427978577230887,0.2469906508922577,0.0035584690173404406,0.7429994688771864,0,0
333,0,1,1,0.4446795986285405,0.24576018750667572,0.0032547149678786554,0.5943579552229442,0,0
334,0,1,1,0.445015877704207,0.2572721242904663,0.0030448675733492055,0.7543574075560799,0,0
335,0,1,1,0.4446235616542521,0.24903643131256104,0.0035922385926697694,0.8000897759484213,0,0
336,0,1,1,0.4447425159902612,0.24685873091220856,0.0034991439725544056,0.7162722609439952,0,0
337,0,1,1,0.44505080352156506,0.23592820763587952,0.0033065389957386256,0.40633102961221224,0,0
338,0,1,1,0.44541994447584815,0.2298896163702011,0.0030301992647117056,0.1665739151086688,0,0
339,0,1,1,0.44534555122360037,0.23464465141296387,0.0032056092098697838,0.3383540691731104,0,0
340,0,1,1,0.44555079991032903,0.23998992145061493,0.003180857915478172,0.4419576584961811,0,0
341,0,1,1,0.4453878104906871,0.24742351472377777,0.0035459183151370617,0.7471363557369399,0,0
342,0,1,1,0.44507113599581005,0.251315176486969,0.003946844552294615,0.991513895465124,0,0
343,0,1,1,0.445603877736938,0.25058695673942566,0.0033269006911571504,0.7260352962707934,0,0
344,0,1,1,0.4458133363825944,0.2444872409105301,0.0031820236738351578,0.5379941563863867,0,0
345,0,1,1,0.44582927519694393,0.24021971225738525,0.0032317189775519757,0.46735132286512415,0,0
346,0,1,1,0.4462493152645233,0.24893885850906372,0.002922045086536787,0.5277480635713361,0,0
347,0,1,1,0.4467955913821669,0.2517159879207611,0.002670313786071546,0.4852455888394385,0,0
348,0,1,1,0.4470254070038686,0.2512764036655426,0.0027384265756770195,0.5033723679460426,0,0
349,0,1,1,0.44696210997893215,0.2557625472545624,0.0031047412559320727,0.7464246566123899,0,0
350,0,1,1,0.4474332116896643,0.2513968348503113,0.0029168482406969594,0.5778834290249133,0,0
351,0,1,1,0.44805146598101186,0.24976861476898193,0.0025945680556346525,0.41331871408577664,0,0
352,0,1,1,0.44865903276118463,0.24979683756828308,0.0023009699251730882,0.2955193869090702,0,0
353,0,1,1,0.4490286616846185,0.24348881840705872,0.002339747441068238,0.1771140745873343,0,0
354,0,1,1,0.4493645791560506,0.24439293146133423,0.002520467896057696,0.2692051179521004,0,0
355,0,1,1,0.44966282114431955,0.2537927031517029,0.002705067774385392,0.543390232582915,0,0
356,0,1,1,0.44966840438911876,0.25478395819664,0.0031023233204131003,0.724654920578134,0,0
357,0,1,1,0.45001067433051717,0.25216618180274963,0.003012396285998223,0.6327633420594344,0,0
358,0,1,1,0.45096855433719374,0.2564539611339569,0.0023000194407963,0.4365975119868456,0,0
359,0,1,1,0.45168855485523457,0.25703758001327515,0.001981012718041239,0.32035364720784465,0,0
360,0,1,1,0.4518335988447521,0.26592978835105896,0.0023424021562524463,0.6550469925361015,0,0
361,0,1,1,0.4523374530563488,0.24188564717769623,0.0023798465585640723,0.15921801058056906,0,0
362,0,1,1,0.45261657468338706,0.2445071041584015,0.0026824196129837637,0.33694136746890235,0,0
363,0,1,1,0.45262208350847344,0.24830685555934906,0.0030889158744457053,0.5816120644607525,0,0
364,0,1,1,0.4529736629228582,0.2684234082698822,0.002970718623370697,0.9614161089348963,0,0
365,0,1,1,0.453330003806829,0.2662598192691803,0.0028993937589263915,0.8866775255673793,0,0
366,0,1,1,0.4534556760381177,0.26276737451553345,0.003021859215257686,0.8618508930091953,0,0
367,0,1,1,0.45368389981418794,0.2628662884235382,0.003003410777870111,0.856513092574412,0,0
368,0,1,1,0.4538968635611577,0.26815280318260193,0.003055901107329004,0.9900173133086827,0,0
369,0,1,1,0.4538465781140505,0.26089227199554443,0.0033369867140111255,0.9490868345325487,0,0
370,0,1,1,0.45416587276370324,0.26365944743156433,0.0031468356411637173,0.9312062439134212,0,0
371,0,1,1,0.45447831032890196,0.2571718692779541,0.0030119472573613944,0.7389512795190878,0,0
372,0,1,1,0.4548308284597938,0.2593775987625122,0.0028580317551480635,0.723752854677162,0,0
373,0,1,1,0.4548768403165241,0.2632359564304352,0.003045511123076797,0.8813461696432596,0,0
374,0,1,1,0.4546232736770836,0.2610533535480499,0.003556643313135666,1.0410904753729504,0,0
375,0,1,1,0.454048690472311,0.25563663244247437,0.004245576746253363,1.2038127046859053,0,0
376,0,1,1,0.4542005400126608,0.2619199752807617,0.003986322241755808,1.2327820993812415,0,0
377,0,1,1,0.45382623573613706,0.2648216187953949,0.004203054406496318,1.3818423394344634,0,0
378,0,1,1,0.45346487443604594,0.2572709918022156,0.004301764561490684,1.2612010488530538,0,0
379,0,1,1,0.45371922282398436,0.2515101134777069,0.003757816363292835,0.9194270087770734,0,0
380,0,1,1,0.4537762673108251,0.2633873522281647,0.0036184049643704615,1.1155936534189466,0,0
381,0,1,1,0.45406061623067695,0.2772742211818695,0.0032279878690596705,1.2532413612742774,0,0
382,0,1,1,0.45389325782353646,0.27474743127822876,0.0034539413998351367,1.290668080672853,0,0
383,0,1,1,0.45311532525761816,0.2662287652492523,0.004338969812626059,1.4665541660926245,0,0
384,0,1,1,0.45292503320237354,0.26055967807769775,0.004378287476279133,1.3619437483294599,0,0
385,0,1,1,0.45258932191868284,0.2628461420536041,0.004501190232856942,1.4600931493953577,0,0
386,0,1,1,0.45202492900199137,0.27390533685684204,0.004697759571549884,1.7743673079365136,0,0
387,0,1,1,0.45158644369839657,0.26663050055503845,0.004669162669758417,1.6082474669548983,0,0
388,0,1,1,0.4508931993056384,0.2544660270214081,0.0049801866727111595,1.4751832477503044,0,0
389,0,1,1,0.45082014110975166,0.2628021538257599,0.004545286394414147,1.4769410347413205,0,0
390,0,1,1,0.4508728497610268,0.26853182911872864,0.0040502825409061945,1.3990747720918884,0,0
391,0,1,1,0.4512353356676078,0.2677236497402191,0.003399776824084097,1.1195724083933327,0,0
392,0,1,1,0.45058704012071715,0.2733520269393921,0.003960295363277533,1.4652131546700518,0,0
393,0,1,1,0.4502086115577399,0.27056846022605896,0.004262184130024477,1.527805794959956,0,0
394,0,1,1,0.4498999556356894,0.27563849091529846,0.004417957664072017,1.6983607329335586,0,0
395,0,1,1,0.4492672529846154,0.2736911177635193,0.004807436783811678,1.8140446607570888,0,0
396,0,1,1,0.44888708872337185,0.2842598259449005,0.004695580374307115,1.9935175878688418,0,0
397,0,1,1,0.4478792339601409,0.2777862548828125,0.005278447288201743,2.091008795687279,0,0
398,0,1,1,0.44834034467614226,0.2982400059700012,0.004234992172800653,2.104850283423769,0,0
399,0,1,1,0.44843259038501426,0.293043851852417,0.0037528437240418296,1.7999983537332271,0,0
400,0,1,1,0.4484088740207288,0.2875409424304962,0.0035678944384270163,1.6084792231607472,0,0
401,0,1,1,0.4484658684332509,0.28761494159698486,0.003391346350244126,1.5388552911271773,0,0
402,0,1,1,0.4490652160194196,0.29295089840888977,0.0029386573823529357,1.4696869411084488,0,0
403,0,1,1,0.44888657125780673,0.2846525013446808,0.0032985199797851946,1.4384705198364938,0,0
404,0,1,1,0.44919371608254904,0.2835884094238281,0.0031048703732410006,1.337766057228137,0,0
405,0,1,1,0.4491718228331177,0.286476194858551,0.003322974138127402,1.4870849421272812,0,0
406,0,1,1,0.44890635906467213,0.2825767993927002,0.0037649265065396427,1.5824499534011316,0,0
407,0,1,1,0.4487706685353772,0.2774989604949951,0.003860902797147678,1.5132520168927333,0,0
408,0,1,1,0.4492709725720286,0.28715261816978455,0.003331623079888932,1.5049465394621448,0,0
409,0,1,1,0.4494697611021212,0.28663280606269836,0.003152148672166147,1.421524242157091,0,0
410,0,1,1,0.4496913146179332,0.2965909242630005,0.0030050797236051115,1.5738222282315009,0,0
411,0,1,1,0.45039790136087965,0.29389697313308716,0.0024947318689738903,1.310769242474562,0,0
412,0,1,1,0.45076951704066115,0.29165905714035034,0.002529924395568009,1.2774064093683923,0,0
413,0,1,1,0.45112833640282274,0.28460726141929626,0.002545741150564604,1.1339367536659868,0,0
414,0,1,1,0.45071860233981886,0.293037086725235,0.0033701190387438297,1.6455135612149043,0,0
415,0,1,1,0.45101551670731094,0.29812517762184143,0.00333002660172321,1.737465579781471,0,0
416,0,1,1,0.45112316328404284,0.30723077058792114,0.0033767838615990616,1.9498118372901192,0,0
417,0,1,1,0.4512064264239883,0.30105119943618774,0.0033819322824990535,1.8205744233234482,0,0
418,0,1,1,0.4507516922662499,0.30862802267074585,0.0038561889455288436,2.1728321824394468,0,0
419,0,1,1,0.45079210674122167,0.2951216995716095,0.003824046952164842,1.8728659142514223,0,0
420,0,1,1,0.450687810535643,0.3025743067264557,0.003872490666221179,2.0507669263902772,0,0
421,0,1,1,0.45033674313231964,0.30252212285995483,0.004114719882444576,2.147341594340818,0,0
422,0,1,1,0.4503066483065405,0.3052131235599518,0.003927393885306563,2.128981584326525,0,0
423,0,1,1,0.4502415931107574,0.3059668242931366,0.003881188091162305,2.1263640789391247,0,0
424,0,1,1,0.4508603313412205,0.3047638535499573,0.0031248214530831516,1.7957821064999766,0,0
425,0,1,1,0.4509487904574134,0.30403825640678406,0.0030794925382846535,1.762083683936393,0,0
426,0,1,1,0.45114136844535946,0.3082265853881836,0.00303992638161196,1.8351283255014101,0,0
427,0,1,1,0.450691586469189,0.30674248933792114,0.003698388392487176,2.069129207334479,0,0
428,0,1,1,0.45051622016061665,0.305441677570343,0.003986253040667434,2.15757435103948,0,0
429,0,1,1,0.45057945518938314,0.29982462525367737,0.003836990216749989,1.9780209729366764,0,0
430,0,1,1,0.45101381994420897,0.30846139788627625,0.0033102916449166105,1.9491479587282021,0,0
431,0,1,1,0.4509513673040587,0.30859968066215515,0.0033408571597792454,1.9644125442331655,0,0
432,0,1,1,0.45096326685170157,0.30710482597351074,0.003393902820853817,1.9540391077221635,0,0
433,0,1,1,0.45068712826747254,0.3092288672924042,0.003781803077854082,2.15560238828568,0,0
434,0,1,1,0.45059621711996345,0.3041868209838867,0.003899632494885505,2.0959777215610322,0,0
435,0,1,1,0.45013365671643,0.305754154920578,0.004257792192357554,2.2737177266972797,0,0
436,0,1,1,0.4494466700902514,0.3027530014514923,0.00474035117162899,2.4045454409244114,0,0
437,0,1,1,0.4479460142851915,0.30471891164779663,0.0058618577863263745,2.898589262557405,0,0
438,0,1,1,0.4470627262852217,0.3045758903026581,0.006059867290725896,2.9754012245093158,0,0
439,0,1,1,0.44545671340228576,0.29364898800849915,0.006782507464976395,3.0346270180961588,0,0
440,0,1,1,0.4442039476797741,0.30422574281692505,0.006866037358951982,3.2930641901269313,0,0
441,0,1,1,0.4424435630170597,0.31277742981910706,0.007315741419047045,3.656136139695313,0,0
442,0,1,1,0.44159473977747055,0.32979223132133484,0.006788951841603286,3.805256456227367,0,0
443,0,1,1,0.4368963272579547,0.3820229172706604,0.010120367734181356,6.258596372255443,0,0
444,0,1,1,0.43234434562265417,0.3997366726398468,0.012532252833399106,7.607645867716128,0,0
445,0,1,1,0.428138080123143,0.4082823693752289,0.013773617818630261,8.289842908210417,0,0
446,0,1,1,0.4222316430482079,0.42567455768585205,0.016103684170086188,9.599064249947935,0,0
447,0,1,1,0.41615540037102644,0.431554913520813,0.01733915266495202,10.222245904802413,0,0
448,0,1,1,0.41200824148382453,0.46505165100097656,0.016301079830421866,10.515416561281658,0,0
449,0,1,1,0.4048752331320244,0.4643656611442566,0.018350062147514598,11.327130766347885,0,0
450,0,1,1,0.3966739352352227,0.46786171197891235,0.020735648296536624,12.363453718604994,0,0
451,0,1,1,0.3879692373416518,0.47700297832489014,0.023050919236861242,13.491379472807425,0,1
452,0,1,1,0.38119823101978784,0.4779062569141388,0.022775384801381526,13.39945928902037,0,1
453,0,1,1,0.3761870349456627,0.4701423645019531,0.020084078259497498,12.149158688723688,0,0
454,0,1,1,0.37023699602198806,0.46986818313598633,0.0188620676365817,11.650533322139015,0,0
455,0,1,1,0.3595894402342851,0.4782766103744507,0.022900388620976028,13.45773934050338,0,1
456,0,1,1,0.34481549660361027,0.46914049983024597,0.030579382974809145,16.360301428498303,0,0
457,0,1,1,0.33529256348016867,0.4508250653743744,0.031006632494206363,16.1434017115592,0,0
458,0,1,1,0.3195972503487282,0.46279212832450867,0.03647832775927331,18.60426297292013,0,0
459,0,1,1,0.3193824503020417,0.47036296129226685,0.024033191387644856,13.746401551939133,0,0
460,0,1,1,0.31541484200453396,0.4786013960838318,0.017949052202091767,11.467919978986622,0,1
461,0,1,1,0.30933834269673205,0.46945920586586,0.016675387860124596,10.760022339247726,0,0
462,0,1,1,0.3021146107005796,0.45263779163360596,0.01741056466041789,10.699047557034405,0,0
463,0,1,1,0.2913427717360989,0.4607046842575073,0.023811743712861433,13.451863716473296,0,0
464,0,1,1,0.2797084509566343,0.47484949231147766,0.02843614485084031,15.617313727225206,0,1
465,0,1,1,0.2706558768905409,0.4708917438983917,0.028562121154958847,15.584015379525553,0,1
466,0,1,1,0.2586162105197866,0.46361643075942993,0.03093117107416532,16.38478226067297,0,0
467,0,1,1,0.24794477833670897,0.4779589772224426,0.03072800321204472,16.607624776032335,0,1
468,0,1,1,0.23504363436006484,0.47601237893104553,0.03277964883884135,17.39362554623084,0,1
469,0,1,1,0.22139742833908707,0.4703017771244049,0.03525965071067674,18.272385460513465,0,0
470,0,1,1,0.20567213102652132,0.47537824511528015,0.03867033588537907,19.75568244834086,0,1
471,0,1,1,0.19231238491567754,0.47852030396461487,0.03879406212290653,19.872345010035257,0,1
472,0,1,1,0.18108198770871844,0.5062047243118286,0.03611636097460774,19.38079464613483,0,1
473,0,1,1,0.16291844998907587,0.5058287382125854,0.04078948703141374,21.257332378304653,0,1
474,0,1,1,0.1421130236538332,0.4918499290943146,0.046975168779153594,23.454782085967064,0,1
475,0,1,1,0.11035812728028739,0.4712560474872589,0.06284028830952737,29.415082016311498,0,1
476,0,1,1,0.06647641513004927,0.4570472240447998,0.08623343605091793,38.54688317892558,0,2
477,0,1,1,0.010784649391871575,0.2902067005634308,0.11327380864442836,45.90612993374728,0,2
478,0,1,1,0.9454771497057914,0.2643560469150543,0.14054785818120746,56.355594228925106,1,2
479,0,1,1,0.9010296410486212,0.31456345319747925,0.13583639835136724,55.52249701261346,1,2
480,0,1,1,0.8684592417596395,0.25458425283432007,0.11607467608243233,46.278669294584944,1,2
481,0,1,1,0.84792468865997,0.28259238600730896,0.08710493583949949,35.191230995201906,1,2
482,0,1,1,0.837165053933314,0.2842657268047333,0.05714958038318004,23.146719897181676,0,0
483,0,1,1,0.8307310443877287,0.2897549867630005,0.036505565985645944,14.938271724615166,0,0
484,0,1,1,0.827124946128037,0.3015426993370056,0.022537015080114547,9.555671448770125,0,0
485,0,1,1,0.8254003519143709,0.32155585289001465,0.013928035385880026,6.509208178984561,0,0
486,0,1,1,0.8246412287200707,0.328041672706604,0.009056074393780419,4.682318181307966,0,0
487,0,1,1,0.8247368281615449,0.3313446640968323,0.005829518648995416,3.4513353296962186,0,0
488,0,1,1,0.8255471395333829,0.3470860719680786,0.003520653220611511,2.854740391137534,0,0
489,0,1,1,0.826125941779315,0.3375132977962494,0.002547399326015884,2.2588392489537914,0,0
490,0,1,1,0.827050707195609,0.3413202464580536,0.001804031375957857,2.0399581894014216,0,0
491,0,1,1,0.8277466696194478,0.35738733410835266,0.0017104385710036947,2.3436348041170505,0,0
492,0,1,1,0.8278868453938961,0.35309797525405884,0.0023227231610310458,2.4994029571156666,0,0
493,0,1,1,0.8282229843814595,0.3542648255825043,0.002571510638596006,2.6245263972141375,0,0
494,0,1,1,0.82803382787811,0.3630867600440979,0.0032849277924816263,3.0996883455427344,0,0
495,0,1,1,0.8282083542209102,0.3687681555747986,0.0033561816203066227,3.2491503762996334,0,0
496,0,1,1,0.828171230555538,0.37157967686653137,0.0035087264360444655,3.3704107783750987,0,0
497,0,1,1,0.8278957609979025,0.37128856778144836,0.0038552922840903977,3.503984112055224,0,0
498,0,1,1,0.8276688183100493,0.374695360660553,0.004000429126054331,3.634906409459182,0,0
499,0,1,1,0.827790677537769,0.3709414303302765,0.003787317506319496,3.469195442096758,0,0
500,0,1,1,0.8276971082688922,0.36835789680480957,0.003776467604411024,3.409920875299035,0,0
501,0,1,1,0.8275404430259681,0.37030231952667236,0.0038146022756737038,3.46661767684697,0,0
502,0,1,1,0.8270625347677858,0.36418619751930237,0.004203681040872373,3.4935557749144674,0,0
503,0,1,1,0.8266990033480878,0.3600373864173889,0.0044156415750045116,3.4908721976884753,0,0
504,0,1,1,0.8269272667696682,0.3628288209438324,0.003914459606003754,3.3480779569583445,0,0
505,0,1,1,0.8275038241189452,0.36472630500793457,0.0031454418819207826,3.0782777162963257,0,0
506,0,1,1,0.8277799266494547,0.3670707643032074,0.0028601846246555903,3.0130611786731225,0,0
507,0,1,1,0.8277410089490701,0.3573951721191406,0.0030784502954573608,2.895478203959362,0,0
508,0,1,1,0.8277578062244961,0.3444819748401642,0.0033221544202769156,2.7193558546046375,0,0
509,0,1,1,0.8279732181366843,0.36057814955711365,0.003314377371795682,3.058257400914362,0,0
510,0,1,1,0.8282332519553753,0.3594696521759033,0.0031716920575394743,2.9771616624532693,0,0
511,0,1,1,0.82806521724089,0.34577542543411255,0.003453058098504988,2.7996306111213975,0,0
512,0,1,1,0.8280447575496386,0.3504454493522644,0.0035545698627113794,2.939803457790155,0,0
513,0,1,1,0.8281669583811127,0.3422378897666931,0.0035041068625229184,2.745045668626031,0,0
514,0,1,1,0.8281584741724058,0.3627282381057739,0.0035610261323368005,3.203411812904707,0,0
515,0,1,1,0.828300782814666,0.34222063422203064,0.003400023044334258,2.7027052078725853,0,0
516,0,1,1,0.8292355809097033,0.32260724902153015,0.0025241163427409926,1.932701890186122,0,0
517,0,1,1,0.8291169251645303,0.3327626883983612,0.0029404779279301714,2.31640699800219,0,0
518,0,1,1,0.8291659350752836,0.34620073437690735,0.003128959713031285,2.6779694082492487,0,0
519,0,1,1,0.8298525582101551,0.3362412750720978,0.0026942018038791623,2.291010135998252,0,0
520,0,1,1,0.8297835853832416,0.3361874222755432,0.00315111847966498,2.4741261565288344,0,0
521,0,1,1,0.8294788546916401,0.33148810267448425,0.003592850289651087,2.5524041298935427,0,0
522,0,1,1,0.8294082203722167,0.3200341761112213,0.0037539669908518676,2.373985790983041,0,0
523,0,1,1,0.8295147396573113,0.32051169872283936,0.0037080190299906253,2.36560357833551,0,0
524,0,1,1,0.8299500703388141,0.3313155472278595,0.0031882337102768473,2.3855680298646313,0,0
525,0,1,1,0.8300290484270051,0.318026602268219,0.003150876860978949,2.088117976935309,0,0
526,0,1,1,0.8302792448648767,0.3130871653556824,0.0030382288569485967,1.9377293019616069,0,0
527,0,1,1,0.8302086097291794,0.31606608629226685,0.0033266201158108607,2.117329556563652,0,0
528,0,1,1,0.8302224635546035,0.30777665972709656,0.003486233808353831,2.0055495611883223,0,0
529,0,1,1,0.829959784187519,0.30548548698425293,0.0038170114793856487,2.0902553943368987,0,0
530,0,1,1,0.8298866569963086,0.30524569749832153,0.0038728226107245774,2.1076668602188326,0,0
531,0,1,1,0.8297266461546533,0.2982218563556671,0.00393468648523784,1.9833606090646576,0,0
532,0,1,1,0.8284881531186363,0.30406737327575684,0.005052688627623284,2.5584314005761626,0,0
533,0,1,1,0.8284057984089297,0.30742794275283813,0.004701465728338125,2.4882049258891534,0,0
534,0,1,1,0.8286095729406626,0.2877640426158905,0.004109194751957865,1.8315097055565472,0,0
535,0,1,1,0.8279759267995163,0.27030158042907715,0.004423569879192732,1.5872165818964385,0,0
536,0,1,1,0.8275709527749998,0.2888842523097992,0.004390864064924918,1.968902277216786,0,0
537,0,1,1,0.8273798634968812,0.29037466645240784,0.004352653257134406,1.9851637915618963,0,0
538,0,1,1,0.8272822478068569,0.29447996616363525,0.004193785219146593,2.0083333304219013,0,0
539,0,1,1,0.8272268638326964,0.2883722484111786,0.003917337909855653,1.767063920523059,0,0
540,0,1,1,0.8268940285257171,0.29132282733917236,0.004062907475129937,1.8884663432819666,0,0
541,0,1,1,0.8266458659471486,0.2960372865200043,0.004141838991377792,2.0204775068557743,0,0
542,0,1,1,0.8264915373270412,0.2921788692474365,0.004112668224052094,1.9267238908218156,0,0
543,0,1,1,0.8265725459249231,0.27988702058792114,0.003833982006216205,1.5531410922012243,0,0
544,0,1,1,0.8261314431008571,0.27658677101135254,0.004111505353338954,1.5949285911481395,0,0
545,0,1,1,0.8263515124274402,0.26254603266716003,0.003700789670540797,1.1309391279342857,0,0
546,0,1,1,0.8265506758724595,0.2624964416027069,0.003428037845594448,1.0198929554690568,0,0
547,0,1,1,0.8266094702700513,0.26935696601867676,0.0033840280843571964,1.1479287983159396,0,0
548,0,1,1,0.826960993315839,0.27381232380867004,0.0030417361248514492,1.104567744381817,0,0
549,0,1,1,0.8271746464803275,0.2636655271053314,0.0030354705141085432,0.8864253211545761,0,0
550,0,1,1,0.8271734558074006,0.2769480049610138,0.003242444700257166,1.2521393798037597,0,0
551,0,1,1,0.8276279896508646,0.2681809365749359,0.002943605840528521,0.9453299273440804,0,0
552,0,1,1,0.8277719865777922,0.2647288143634796,0.0030542387588042815,0.9165884371000192,0,0
553,0,1,1,0.8276491598681751,0.25395268201828003,0.0033798137839096106,0.8188939347416369,0,0
554,0,1,1,0.8277987445581229,0.24305623769760132,0.0033488574409237777,0.5748647663500862,0,0
555,0,1,1,0.8277685705898663,0.24572940170764923,0.0035353535968608825,0.706876653213462,0,0
556,0,1,1,0.8278435176535797,0.25440970063209534,0.0034955517678979505,0.8752789637401543,0,0
557,0,1,1,0.82761716601091,0.2459285855293274,0.0037397861795145345,0.7935505779646872,0,0
558,0,1,1,0.8277852470257753,0.25211864709854126,0.0035637067003329278,0.8540796968956816,0,0
559,0,1,1,0.828151540167183,0.2444227635860443,0.003194039175838351,0.5414695175420005,0,0
560,0,1,1,0.8285303995535396,0.24913713335990906,0.002910922183810891,0.5274758083148183,0,0
561,0,1,1,0.8284820189962936,0.24265551567077637,0.003131023216046855,0.47850376082133617,0,0
562,0,1,1,0.8286214383582057,0.25097814202308655,0.0032078171004806784,0.6863251081983566,0,0
563,0,1,1,0.8283586356392773,0.2525026798248291,0.0036796676525167023,0.9090037188235152,0,0
564,0,1,1,0.8284021811444886,0.23853321373462677,0.003687896015328926,0.6154759493553545,0,0
565,0,1,1,0.8283241280654898,0.23012302815914154,0.003733894492064957,0.45531236461292424,0,0
566,0,1,1,0.8279934612281457,0.23172427713871002,0.00402508859670819,0.6067678981621721,0,0
567,0,1,1,0.8279205386861019,0.23070724308490753,0.003941016856236904,0.5512527643889866,0,0
568,0,1,1,0.8280373671284953,0.23366589844226837,0.0037146641755497175,0.5228420621397484,0,0
569,0,1,1,0.8283426368817788,0.23902247846126556,0.003318190918267902,0.4767820062164807,0,0
570,0,1,1,0.8281911306053671,0.2517894208431244,0.0034743243987518354,0.8110386405822082,0,0
571,0,1,1,0.8280663171488908,0.24565042555332184,0.003648555199533496,0.75084914643864,0,0
572,0,1,1,0.8283014351940843,0.24117396771907806,0.003449881770037214,0.5756072113536266,0,0
573,0,1,1,0.828826145155478,0.23094667494297028,0.0029911888250407056,0.17330431624124426,0,0
574,0,1,1,0.828920139710854,0.22944962978363037,0.003018071338089565,0.15233354410435435,0,0
575,0,1,1,0.8287299514143353,0.22199757397174835,0.0033905119109800238,0.14417387173675045,0,0
576,0,1,1,0.8287944796353749,0.22512021660804749,0.0034918922563015016,0.2514124384050024,0,0
577,0,1,1,0.8290483786605172,0.217501699924469,0.003361254341481876,0.036839529181520406,0,0
578,0,1,1,0.8290107141030854,0.2181393802165985,0.003454477275173476,0.08798392848985831,0,0
579,0,1,1,0.8288344667344911,0.2137669175863266,0.003653368241825547,0.07527728598539782,0,0
580,0,1,1,0.828699998139266,0.21268990635871887,0.003813965667089661,0.11715517147285943,0,0
581,0,1,1,0.8289636158819749,0.20837147533893585,0.003526727550353545,-0.09044415290014124,0,0
582,0,1,1,0.8289112437638267,0.23286302387714386,0.003557908973866095,0.4425667453384202,0,0
583,0,1,1,0.8284309285054365,0.2055724859237671,0.004013356647441649,0.04632082579275705,0,0
584,0,1,1,0.8284030904590868,0.21075667440891266,0.003940310136527761,0.1270255233199952,0,0
585,0,1,1,0.8281839480790877,0.20595471560955048,0.0040852255964820535,0.08342559173248854,0,0
586,0,1,1,0.8281501131233651,0.21395465731620789,0.00392414360148288,0.18846201939326124,0,0
587,0,1,1,0.8281129152091401,0.21927893161773682,0.0037710588555924214,0.23986654268153773,0,0
588,0,1,1,0.8281494061683401,0.21137820184230804,0.0036550645723183147,0.025202033093010518,0,0
589,0,1,1,0.8281613912932448,0.22777926921844482,0.003579658374726899,0.34330969070800865,0,0
590,0,1,1,0.8281279084341354,0.22899430990219116,0.0036075020373756124,0.38035734665541404,0,0
591,0,1,1,0.8282577891411619,0.21146714687347412,0.0034720701580417375,-0.04670390888199241,0,0
592,0,1,1,0.8285472350365246,0.20737206935882568,0.0032188427456844556,-0.23584158761257576,0,0
593,0,1,1,0.8283933201469313,0.19874979555606842,0.003472214852323849,-0.31688459385017353,0,0
594,0,1,1,0.8283014965475695,0.20156462490558624,0.003622020665107359,-0.19665845199653217,0,0
595,0,1,1,0.8284532656679209,0.21082904934883118,0.0035136485731144503,-0.043495956806574435,0,0
596,0,1,1,0.8285072651662359,0.2087414562702179,0.003508518206489228,-0.0899254598110336,0,0
597,0,1,1,0.8282663213675104,0.19421859085559845,0.003739469537642451,-0.3053954722276366,0,0
598,0,1,1,0.8284401342182169,0.19448138773441315,0.003533906992080724,-0.38270815621050813,0,0
599,0,1,1,0.828591984461626,0.19534200429916382,0.0034167161663335695,-0.4116798087104001,0,0
600,0,1,1,0.8284799635609372,0.20247048139572144,0.0035634167654485767,-0.20104247628436495,0,0
601,0,1,1,0.8281372948232286,0.2033907026052475,0.0038992601018325275,-0.04605287712951893,0,0
602,0,1,1,0.8282261565365008,0.20567916333675385,0.0037781417524899137,-0.04626721538251415,0,0
603,0,1,1,0.8283807239705508,0.19909098744392395,0.0035700798980108058,-0.27016844374331717,0,0
604,0,1,1,0.8285014892796634,0.21471485495567322,0.0033964994661294908,-0.00816663149901406,0,0
605,0,1,1,0.8284498478860929,0.20887190103530884,0.0034535222893815306,-0.10933171007136869,0,0
606,0,1,1,0.8285383735750641,0.2091761976480484,0.003443134866126377,-0.10705444576422611,0,0
607,0,1,1,0.8285554050887316,0.20481997728347778,0.0035041576120997094,-0.1750139381706154,0,0
608,0,1,1,0.8286271150006982,0.20318593084812164,0.003476117979678309,-0.22104434070403323,0,0
609,0,1,1,0.8289671069397284,0.20123830437660217,0.003167532470906784,-0.3868736842346141,0,0
610,0,1,1,0.8289880197697959,0.20221693813800812,0.0032759344042482237,-0.3223629277744144,0,0
611,0,1,1,0.8289725218141717,0.20432330667972565,0.003403843908555329,-0.22602142180548157,0,0
612,0,1,1,0.8289650867946625,0.2113809883594513,0.0035155581094245244,-0.03099739896364281,0,0
613,0,1,1,0.8289993964436522,0.20407560467720032,0.003565741408925957,-0.16599674035159168,0,0
614,0,1,1,0.8289605324527821,0.20055192708969116,0.0036126777757769487,-0.22194560641697383,0,0
615,0,1,1,0.8292053160986048,0.2018161118030548,0.003361022300700814,-0.296567021211687,0,0
616,0,1,1,0.8293234813631152,0.20199234783649445,0.0033010556072987337,-0.317004784309366,0,0
617,0,1,1,0.8296176157920683,0.19742143154144287,0.0030965198204588014,-0.4966180344460478,0,0
618,0,1,1,0.8297260305288728,0.2007492631673813,0.0031426599207582647,-0.4072959606672192,0,0
619,0,1,1,0.829879592605378,0.2128015011548996,0.0031804723632757577,-0.13594174914216453,0,0
620,0,1,1,0.8297178538904739,0.2062389999628067,0.0035107802048731625,-0.14218954144424475,0,0
621,0,1,1,0.8298504140439953,0.19332323968410492,0.0034768131831914824,-0.43034254452756976,0,0
622,0,1,1,0.8297872041025284,0.19878897070884705,0.0035982226876401487,-0.26523707102581195,0,0
623,0,1,1,0.8298118138034516,0.1996307373046875,0.003588906380130816,-0.2511068194852025,0,0
624,0,1,1,0.8298767825910167,0.20336198806762695,0.003506992892084085,-0.20485229170636848,0,0
625,0,1,1,0.8295925105135175,0.20187059044837952,0.0038309971447190424,-0.10588304176849657,0,0
626,0,1,1,0.829834716030334,0.2037244588136673,0.003524315745283055,-0.1901641504686883,0,0
627,0,1,1,0.8297418846410987,0.19139264523983002,0.0036290251164697836,-0.4099845980215876,0,0
628,0,1,1,0.8295509705266616,0.1988123208284378,0.0038024569403186078,-0.18237952808864424,0,0
629,0,1,1,0.8296525743422536,0.20514434576034546,0.003619400108637841,-0.12164749054276136,0,0
630,0,1,1,0.8295135635739092,0.20379896461963654,0.003773426834166313,-0.08812212706413246,0,0
631,0,1,1,0.8295462649511225,0.19871008396148682,0.0036604373428467648,-0.24182413790785198,0,0
632,0,1,1,0.8294073397556658,0.20489779114723206,0.0037504576158093857,-0.07403524351893832,0,0
633,0,1,1,0.8296202692397611,0.19889403879642487,0.0035016204389652058,-0.30196111386818314,0,0
634,0,1,1,0.8297043919480195,0.19972416758537292,0.0034094214550836584,-0.32150218302597666,0,0
635,0,1,1,0.8297045319632468,0.2067437320947647,0.0034569885333839397,-0.15315668785455147,0,0
636,0,1,1,0.8297061654968985,0.2074059545993805,0.0034949217527633332,-0.12378740841052957,0,0
637,0,1,1,0.8299310970592082,0.2048361599445343,0.0033446966257617535,-0.23897574963518742,0,0
638,0,1,1,0.830270617048332,0.20579716563224792,0.0030828835914996884,-0.3241358368222735,0,0
639,0,1,1,0.8301328571880692,0.19914212822914124,0.0033621997268407063,-0.35291336860190126,0,0
640,0,1,1,0.8300534693954802,0.1999242603778839,0.0035486688256352846,-0.2610961242291069,0,0
641,0,1,1,0.8301236654466393,0.2194640338420868,0.0035652987491216178,0.16082320567348324,0,0
642,0,1,1,0.8302125125333697,0.22081542015075684,0.003524593759248987,0.17312460316578834,0,0
643,0,1,1,0.830503669106348,0.20470274984836578,0.003218911057530108,-0.2925360968842822,0,0
644,0,1,1,0.8308476483933198,0.21237602829933167,0.0029676347501279817,-0.2308137216022159,0,0
645,0,1,1,0.8311364375359699,0.21391868591308594,0.0028773903569378175,-0.2344255894208631,0,0
646,0,1,1,0.831551334467228,0.22417673468589783,0.0027156864480123973,-0.08165601621782509,0,0
647,0,1,1,0.8313964890404164,0.21475742757320404,0.003205237358288507,-0.0843920754702113,0,0
648,0,1,1,0.8316059623032866,0.2206505686044693,0.0032189690789353716,0.04637258136357761,0,0
649,0,1,1,0.8314396459980848,0.2110263556241989,0.003574863861628888,-0.01461703728836784,0,0
650,0,1,1,0.8316585002881975,0.21704335510730743,0.003431811687044925,0.055553467110064925,0,0
651,0,1,1,0.831586860587801,0.21620088815689087,0.003530242842683909,0.0773455971183091,0,0
652,0,1,1,0.8318947223736108,0.2206721305847168,0.0032699739437201643,0.06739945098258943,0,0
653,0,1,1,0.8315444581623661,0.22008982300758362,0.0036924281725459447,0.22538836222005407,0,0
654,0,1,1,0.8314595696171154,0.22173194587230682,0.003803519758866944,0.30508267188463967,0,0
655,0,1,1,0.8320931964593823,0.21918103098869324,0.0031201602488295484,-0.02470109933221462,0,0
656,0,1,1,0.8323600422923401,0.24156005680561066,0.0029798983837671074,0.3942816892639172,0,0
657,0,1,1,0.8324543667899068,0.23431678116321564,0.0030019038658826687,0.2492388780562833,0,0
658,0,1,1,0.8322841301662337,0.2278253138065338,0.0033996176464409474,0.27168326036974055,0,0
659,0,1,1,0.832373538991261,0.23311305046081543,0.0035163489586932358,0.43111984868255493,0,0
660,0,1,1,0.8325535378270296,0.23782892525196075,0.00340643575589433,0.48700585520930484,0,0
661,0,1,1,0.832708798365338,0.2205812633037567,0.0032995491012583174,0.07739530160521868,0,0
662,0,1,1,0.8326196001142299,0.22196954488754272,0.0034523552462241954,0.16851776961805293,0,0
663,0,1,1,0.8329102903886911,0.22049853205680847,0.0032455324587619657,0.05385405071727692,0,0
664,0,1,1,0.8332524178110328,0.22186492383480072,0.0030375928857778707,-0.0009662294530788929,0,0
665,0,1,1,0.8337642965966492,0.22369351983070374,0.002700434096162244,-0.09807495614554035,0,0
666,0,1,1,0.8342378848265657,0.21428915858268738,0.0024907204240735533,-0.3824852139763729,0,0
667,0,1,1,0.8341690872528437,0.21667174994945526,0.0029640891758795336,-0.1409610378036711,0,0
668,0,1,1,0.8340310018910357,0.22855739295482635,0.003416873753725594,0.29419852758070075,0,0
669,0,1,1,0.834339277073249,0.22156265377998352,0.0033032445915131244,0.09973976508495982,0,0
670,0,1,1,0.8343387777716175,0.2245960533618927,0.0034474890122945497,0.22236770644734216,0,0
671,0,1,1,0.8342746127830549,0.22824788093566895,0.003536877237120037,0.3360152067697593,0,0
672,0,1,1,0.8344874661525108,0.2229963093996048,0.003350405250216984,0.14922285541833338,0,0
673,0,1,1,0.8347505126758114,0.21875880658626556,0.003201474792285189,-0.000881570463352882,0,0
674,0,1,1,0.8350889881836576,0.2331743836402893,0.002965808185079519,0.2104070786822414,0,0
675,0,1,1,0.8357640307743703,0.22294074296951294,0.0024783181973768416,-0.20364366409993395,0,0
676,0,1,1,0.8361897048436552,0.21310237050056458,0.002424998625920852,-0.43420759382034435,0,0
677,0,1,1,0.8363224266776682,0.21054325997829437,0.002717836464693921,-0.3704953015662479,0,0
678,0,1,1,0.8365425042044894,0.22658966481685638,0.002890737438336952,0.040210514940815845,0,0
679,0,1,1,0.836938194122073,0.22734510898590088,0.0028584265259612414,0.04323343326828827,0,0
680,0,1,1,0.8370416724169345,0.21756109595298767,0.003048489068025459,-0.08802689468379499,0,0
681,0,1,1,0.8370620401903839,0.21856261789798737,0.0032411131878959084,0.010934431883448281,0,0
682,0,1,1,0.8369779414168717,0.22232291102409363,0.0035101153395870584,0.19931953034969524,0,0
683,0,1,1,0.8365051993203962,0.21649101376533508,0.004091716739158033,0.30993572755120713,0,0
684,0,1,1,0.8367829195258939,0.21486888825893402,0.003705747833241177,0.11981682750201537,0,0
685,0,1,1,0.8359717716760506,0.21471767127513885,0.00445220746032429,0.41762761774198576,0,0
686,0,1,1,0.8356020441895715,0.21518482267856598,0.004549367818220099,0.46673618239834047,0,0
687,0,1,1,0.834616121005409,0.21585342288017273,0.005191316695557527,0.7398218310674464,0,0
688,0,1,1,0.8338870971999515,0.22416551411151886,0.005448070922268314,1.01999175469939,0,0
689,0,1,1,0.8340558637724291,0.22039206326007843,0.004555348768305043,0.5798000608746672,0,0
690,0,1,1,0.8338589727589049,0.2337407022714615,0.004273262805923936,0.7496971780514222,0,0
691,0,1,1,0.8339665119941834,0.22894270718097687,0.0037299557129787638,0.42864259030449736,0,0
692,0,1,1,0.833247926566892,0.23864462971687317,0.004286138887463761,0.8590963573964534,0,0
693,0,1,1,0.8332552398410343,0.23417702317237854,0.004119032955056498,0.6967727048269213,0,0
694,0,1,1,0.8330760674081364,0.23049288988113403,0.004098049405105689,0.6100242109731657,0,0
695,0,1,1,0.8331087359223548,0.2336902618408203,0.003869654553195237,0.5858626041457355,0,0
696,0,1,1,0.8337508210156321,0.23463211953639984,0.0030131254419607486,0.26046501723451615,0,0
697,0,1,1,0.8340765516432548,0.21527639031410217,0.002813118426523151,-0.23149375348808604,0,0
698,0,1,1,0.8342977718156076,0.2245219349861145,0.002797226204725442,-0.04143817327292021,0,0
699,0,1,1,0.8353347999157036,0.22377125918865204,0.0020656242064972493,-0.35242223074448603,0,0
700,0,1,1,0.8364685617300739,0.2290058135986328,0.001488378390464143,-0.4739752714539308,0,0
701,0,1,1,0.838812403770447,0.2375241369009018,0.0006816656260932091,-0.6182863593178388,0,0
702,0,1,1,0.8403133502600747,0.2368907332420349,0.0004930119291281813,-0.7078241589296672,0,0
703,0,1,1,0.843594085265583,0.23771969974040985,0.0022698523235197025,0.026335885330855846,0,0
704,0,1,1,0.8474303469118039,0.2478271871805191,0.0040412926322707125,0.955483397617189,0,0
705,0,1,1,0.8516064262228531,0.267330139875412,0.005476925647887462,1.9488603872255152,0,0
706,0,1,1,0.8566771671821335,0.27705514430999756,0.007349160994066325,2.910527799542775,0,0
707,0,1,1,0.8616021991382734,0.2845952808856964,0.008183238719691541,3.4071106935987636,0,0
708,0,1,1,0.868430266749711,0.3056783676147461,0.010509277862956554,4.793138219944849,0,0
709,0,1,1,0.8747899533640122,0.31674104928970337,0.01161898451778096,5.475726528928147,0,0
710,0,1,1,0.8823473775070501,0.23780401051044464,0.013380526875529016,4.5087190883998,0,0
711,0,1,1,0.8883196964530703,0.24185949563980103,0.012935293240320115,4.415347691557406,0,0
712,0,1,1,0.8931410891990076,0.25104573369026184,0.011077311657558184,3.8612853252137054,0,0
713,0,1,1,0.8983203855374046,0.2570972740650177,0.01007890238363102,3.587250730666753,0,0
714,0,1,1,0.9043728623157329,0.27333977818489075,0.010248771118611253,4.000900776609948,0,0
715,0,1,1,0.9093491971725721,0.27496665716171265,0.009718734773279784,3.8217240808666926,0,0
716,0,1,1,0.9135996818313796,0.2768688499927521,0.008711844252211835,3.4560971530860973,0,0
717,0,1,1,0.9161457609137793,0.26979395747184753,0.0061432751765185005,2.2699337733956977,0,0
718,0,1,1,0.9192494042781706,0.26622340083122253,0.004790574696816099,1.6485584654538987,0,0
719,0,1,1,0.9203060411154979,0.26151803135871887,0.0023181484294680053,0.5515180015486384,0,0
720,0,1,1,0.9213675207301121,0.26094695925712585,0.0010157190529319748,0.01415341838798434,0,0
721,0,1,1,0.9223010699980138,0.25834834575653076,0.0007621571080911266,-0.14331985733099017,0,0
722,0,1,1,0.9227587979594832,0.2659560739994049,0.00163916509395384,0.37201178181465855,0,0
