frame,label,valid,inference_valid,phase,feature_raw,time_raw,score,alarm,evidence_type
15,0.0,0,0,0.09219079996051352,0.4899945855140686,nan,nan,0,0
16,0.0,0,0,0.10679647852307443,0.5020304918289185,nan,nan,0,0
17,0.0,0,0,0.10527067332040857,0.485608845949173,nan,nan,0,0
18,0.0,0,0,0.10524650005404033,0.5039593577384949,nan,nan,0,0
19,0.0,0,1,0.10647724752357424,0.5032915472984314,0.006721376263445786,-0.9151517404193494,0,0
20,0.0,0,1,0.10725211709765395,0.5000316500663757,0.009518118580131275,-0.7933301351210045,0,0
21,0.0,0,1,0.10639887166731982,0.5030430555343628,0.010485273654110276,-0.5672808787855776,0,0
22,0.0,0,1,0.10447754214227328,0.49950507283210754,0.012688652765884635,-0.5143984409843422,0,0
23,0.0,0,1,0.10567193430067505,0.5089156627655029,0.011302021129541089,-0.2284246169238856,0,0
24,0.0,0,1,0.10462858160225753,0.5198302268981934,0.012144045522233797,0.33690231464602816,0,0
25,0.0,0,1,0.10767421692189653,0.5165911912918091,0.00844252632874571,-0.1600031495858646,0,0
26,0.0,0,1,0.10747613329877279,0.5174254179000854,0.008959446265513642,-0.07363892969814201,0,0
27,0.0,0,1,0.1089352205635715,0.5058913230895996,0.008250006789839816,-0.6538543975013478,0,0
28,0.0,0,1,0.1044372834577831,0.5079230666160583,0.013563765461352312,-0.056861805956027106,0,0
29,0.0,0,1,0.10736215896301206,0.49725544452667236,0.010591065420004743,-0.814389487603898,0,0
30,0.0,0,1,0.10373603133786893,0.5077828168869019,0.014139178555426752,-0.00822477138783373,0,0
31,0.0,0,1,0.11165648141934857,0.5099894404411316,0.0070794258599588145,-0.583360476695123,0,0
32,0.0,0,1,0.10753352743189977,0.514569878578186,0.010086972185114208,-0.09301931656943198,0,0
33,0.0,0,1,0.11485072448327639,0.5052210092544556,0.0050379324884529,-0.9899360652031779,0,0
34,0.0,0,1,0.11063740074827458,0.5207619071006775,0.009629301242334652,0.13850715656218246,0,0
35,0.0,0,1,0.12075893536673905,0.5170466899871826,0.004248571595114787,-0.539683736266185,0,0
36,0.0,0,1,0.11434763100328955,0.509149968624115,0.009920026826768727,-0.34979496820257566,0,0
37,0.0,0,1,0.12703999972836894,0.5080931186676025,0.004820659189114996,-0.8830204395095484,0,0
38,0.0,0,1,0.12136912742892494,0.49799230694770813,0.007649375105253881,-1.0621544396230078,0,0
39,0.0,0,1,0.14949638383881353,0.5064103603363037,0.017794949634472087,0.27938744565422363,0,0
40,0.0,0,1,0.13925851438703601,0.4963405132293701,0.008040404119239824,-1.0982714499502855,0,0
41,0.0,0,1,0.17431633091208734,0.5085084438323975,0.029202813743790683,1.4604431980627688,0,0
42,0.0,0,1,0.1655352075211347,0.501261293888092,0.01515767141688694,-0.20091545739075756,0,0
43,0.0,0,1,0.23086550243429682,0.5207391977310181,0.06289138244701808,5.216405493707035,0,0
44,0.0,0,1,0.33154573571114015,0.5232605338096619,0.1432293360749906,12.989230628873448,0,2
45,0.0,1,1,0.38496613764069315,0.5188195705413818,0.14857793267351757,13.301903589861546,0,2
46,0.0,1,1,0.4508818096581632,0.5387080311775208,0.16183115300883616,15.449516267949729,1,2
47,0.0,1,1,0.5003779530334675,0.5232678651809692,0.13999064584988336,12.680724934208458,0,2
48,0.0,1,1,0.5055648485833126,0.5271132588386536,0.07779942874993576,6.921248670067174,0,0
49,0.0,1,1,0.5327885422188368,0.516442060470581,0.06151834416741677,4.8945156249925,0,0
50,0.0,1,1,0.5432921325766928,0.5136957764625549,0.035066333380736975,2.2500910331832316,0,0
51,0.0,1,1,0.5367936612676714,0.5253247618675232,0.013205463965683027,0.6822884295654554,0,0
52,0.0,1,1,0.529510374747812,0.5362249612808228,0.014236686660568227,1.2650183706508804,0,0
53,0.0,1,1,0.5385749177285888,0.5054821968078613,0.010211540122561496,-0.4849898678350954,0,0
54,0.0,1,1,0.5423293174551092,0.5235798358917236,0.007616431972237157,0.07179255611431334,0,0
55,0.0,1,1,0.5155321273931979,0.5359185338020325,0.03209245122910829,2.9540715380975744,0,0
56,0.0,1,1,0.5398219255189042,0.5202385187149048,0.012467666533134594,0.38590596079264694,0,0
57,0.0,1,1,0.5439419606551121,0.514934778213501,0.010821034493301487,-0.006805568470096741,0,0
58,0.0,1,1,0.5465750460436001,0.520762026309967,0.008681750366186188,0.04815692981804745,0,0
59,0.0,1,1,0.5588953726978534,0.5175352692604065,0.011605096972639,0.18352385102119217,0,0
60,0.0,1,1,0.5600582007392452,0.5209605097770691,0.0035102018316731775,-0.43616552309717044,0,0
61,0.0,1,1,0.5630651381961238,0.5410913228988647,0.002780137355592258,0.38881425501560574,0,0
62,0.0,1,1,0.5680456470372822,0.5406600832939148,0.0023283472993436694,0.3265690241684004,0,0
63,0.0,1,1,0.5688498039757894,0.5310286283493042,0.004488796514347532,0.10456899779860862,0,0
64,0.0,1,1,0.5656809848925488,0.5327109098434448,0.010146223417072171,0.7188029302214535,0,0
65,1.0,1,1,0.5811767629507676,0.5252022743225098,0.003943858602820699,-0.20631289008948855,0,0
66,1.0,1,1,0.5900976820093855,0.5119224190711975,0.008336871472777669,-0.37755439662232737,0,0
67,1.0,1,1,0.598766168307026,0.5250204801559448,0.011492349027392344,0.5054090569715428,0,0
68,1.0,1,1,0.6028604091759677,0.5332183241844177,0.00822488054355623,0.5581386776003971,0,0
69,1.0,1,1,0.609475528118621,0.5229178667068481,0.005427761685323517,-0.16632963707543402,0,0
70,1.0,1,1,0.6114609037486844,0.5270102620124817,0.0016851561882172586,-0.3413503162370891,0,0
71,1.0,1,1,0.6135288285882695,0.5434032082557678,0.002934434571816114,0.506265809440471,0,0
72,1.0,1,1,0.614426267092252,0.5376518964767456,0.005727661138144497,0.5170357882821829,0,0
73,1.0,1,1,0.622328271436484,0.5348052382469177,0.0025743383757003213,0.08984156409804611,0,0
74,1.0,1,1,0.6268418052002744,0.5290548801422119,0.001550784593554798,-0.26330245952217113,0,0
75,1.0,1,1,0.6238699942500112,0.5333129167556763,0.006233809651819583,0.37247992295301274,0,0
76,1.0,1,1,0.6226004712880617,0.532416582107544,0.010088624029204497,0.7002307525149799,0,0
77,1.0,1,1,0.6279135493586061,0.5273982286453247,0.007311133878382574,0.21236644826648587,0,0
78,1.0,1,1,0.6296119121749744,0.546008825302124,0.006517053671774831,0.9636847378870433,0,0
79,1.0,1,1,0.6341165627400354,0.5277493596076965,0.0027927529684171493,-0.2028884309715342,0,0
80,1.0,1,1,0.6340632828742515,0.5245595574378967,0.0053198518386787024,-0.10366422587491386,0,0
81,1.0,1,1,0.6313837179445938,0.5243666768074036,0.010865119664883856,0.41654392954002345,0,0
82,1.0,1,1,0.6310528613274096,0.5388608574867249,0.012063518428565019,1.1749287808113424,0,0
83,1.0,1,1,0.6363445622135044,0.5203598141670227,0.007613403109124216,-0.07159133488981101,0,0
84,1.0,1,1,0.6337792849361704,0.5152976512908936,0.010254331976280236,-0.044718794219894345,0,0
85,1.0,1,1,0.6333230968523598,0.5230308175086975,0.010639520575570612,0.33566702915979624,0,0
86,1.0,1,1,0.6366978007737076,0.5300058722496033,0.007749661381164236,0.3700645735035068,0,0
87,1.0,1,1,0.6354780106983524,0.5237160921096802,0.010380686318093975,0.34143842317741524,0,0
88,1.0,1,1,0.6394289254876806,0.5187385082244873,0.006213133649977782,-0.2771661825864397,0,0
89,1.0,1,1,0.6388886128576513,0.5324857831001282,0.008165856417884622,0.5199568071952838,0,0
90,1.0,1,1,0.6457795770558593,0.5336474180221558,0.003947251155601338,0.16930572462419913,0,0
91,1.0,1,1,0.6387290412988098,0.5314025282859802,0.01198725104858692,0.8362142573650607,0,0
92,1.0,1,1,0.6423777261211265,0.5309260487556458,0.009151323876384544,0.5446146520078669,0,0
93,1.0,1,1,0.6362952563482795,0.5227163434028625,0.015970993807593013,0.8300848803604646,0,0
94,1.0,1,1,0.6433564116832955,0.5342400074005127,0.009627574848239938,0.7372980194283512,0,0
95,1.0,1,1,0.6378653602776266,0.525561511516571,0.01314675940776203,0.6872115003507606,0,0
96,1.0,1,1,0.6447965860627649,0.5247750282287598,0.007300724095394938,0.09480097451024161,0,0
97,1.0,1,1,0.6354457289200777,0.5260295271873474,0.0159551854954248,0.9758125604162144,0,0
98,1.0,1,1,0.6424228969626142,0.5138541460037231,0.010089717452603885,-0.12456409236937314,0,0
99,1.0,1,1,0.638915833543755,0.5171751379966736,0.012039320334526656,0.20892611770404657,0,0
100,1.0,1,1,0.6412146437386783,0.5255292654037476,0.01000312845613547,0.38601157410074105,0,0
101,1.0,1,1,0.6369182083551375,0.5178351402282715,0.01340407825865467,0.3683951635138101,0,0
102,1.0,1,1,0.636240044470209,0.5221630334854126,0.014450362002348095,0.6604934998471768,0,0
103,1.0,1,1,0.6356113992183433,0.5135155320167542,0.013533294131112462,0.1887570196230433,0,0
104,1.0,1,1,0.6346355811731198,0.5099145174026489,0.013683003594983041,0.04300677878908282,0,0
105,1.0,1,1,0.6343193484874602,0.5197506546974182,0.012354470639253025,0.35343168180074847,0,0
106,1.0,1,1,0.6348692711857714,0.5105088949203491,0.011154832974022484,-0.17165812244790557,0,0
107,1.0,1,1,0.6368696116227333,0.5092633366584778,0.008811799215951245,-0.45043414907462226,0,0
108,1.0,1,1,0.6353159299181552,0.5138422846794128,0.010680034021626768,-0.06880043531296426,0,0
109,1.0,1,1,0.6328011524435722,0.5239177942276001,0.013364898682468686,0.6349671683449107,0,0
110,1.0,1,1,0.6360262904905631,0.5256835222244263,0.009760211624505695,0.3697028193604162,0,0
111,1.0,1,1,0.6345508986898827,0.5193644762039185,0.011524858251384086,0.25716095865131566,0,0
112,1.0,1,1,0.6399582895758368,0.5212197303771973,0.006076982410692227,-0.17988571025491978,0,0
113,1.0,1,1,0.6367489055184568,0.5236572623252869,0.00990776310401776,0.2937275801369099,0,0
114,1.0,1,1,0.635858510148873,0.5226986408233643,0.011785096742322705,0.430143979796718,0,0
115,1.0,1,1,0.6347353807672016,0.5237612128257751,0.012866281038571521,0.5804621838634717,0,0
116,1.0,1,1,0.6351293225986898,0.5217762589454651,0.01251845972641303,0.4590853304425858,0,0
117,1.0,1,1,0.634705217002308,0.5223823189735413,0.01173532357850813,0.4113406866407684,0,0
118,1.0,1,1,0.6342743775290152,0.5272941589355469,0.011655240922763745,0.6219823051596882,0,0
119,1.0,1,1,0.6305160884260479,0.5157952308654785,0.015017496870766565,0.43159391485923776,0,0
120,1.0,1,1,0.6447161321495346,0.5336325764656067,0.005590022740488013,0.3252958016472184,0,0
121,1.0,1,1,0.6323112676693852,0.516478419303894,0.014564196929852061,0.41872895474516175,0,0
122,1.0,1,1,0.6386254428980979,0.5145590901374817,0.008644119817762851,-0.2310846902207772,0,0
123,1.0,1,1,0.6306902622077716,0.524939239025116,0.016674481400505623,0.9959509032472365,0,0
124,1.0,1,1,0.6337724463227951,0.526244044303894,0.01363584073091307,0.7641799697186038,0,0
125,1.0,1,1,0.6288272625206448,0.512581467628479,0.015845103076378434,0.36769493989987445,0,0
126,1.0,1,1,0.6333989127670019,0.5205115079879761,0.010523774501512638,0.212673836479748,0,0
127,1.0,1,1,0.6284315242008656,0.5224605798721313,0.014063207576198587,0.6367983619614521,0,0
128,1.0,1,1,0.6346575946133348,0.5212050676345825,0.008220985703735294,0.023908220357184373,0,0
129,1.0,1,1,0.6361488163082798,0.5283824801445007,0.006002518039692795,0.1313201966600131,0,0
130,1.0,1,1,0.65109561133992,0.5284679532051086,0.0071138885450386605,0.2410954059327025,0,0
131,1.0,1,1,0.6508008764594682,0.5325109958648682,0.004706848626085376,0.19123694413648296,0,0
132,1.0,1,1,0.6613586003249567,0.5276811718940735,0.007360364822195231,0.2296347199282444,0,0
133,1.0,1,1,0.660315126488652,0.5290248990058899,0.004211627559780034,-0.01090503091870576,0,0
134,1.0,1,1,0.6804353613573377,0.5333361625671387,0.01372029688157769,1.0874012417592898,0,0
135,1.0,1,1,0.6837855144722063,0.5464304685592651,0.010224938099159682,1.335994615340073,0,0
136,1.0,1,1,0.6950336372601407,0.5546561479568481,0.012737475776841665,1.9411247479927805,0,0
137,1.0,1,1,0.719063869805034,0.5492541193962097,0.028348949087939026,3.189724990961504,0,0
138,1.0,1,1,0.7277422641927592,0.5449321269989014,0.02234015764656874,2.4246794803920855,0,0
139,1.0,1,1,0.759396941901322,0.5740271210670471,0.042168109646276146,5.608368892084947,0,1
140,1.0,1,1,0.7986826359167717,0.569474995136261,0.0625509468044469,7.349720612351311,0,1
141,1.0,1,1,0.8224024572237565,0.5615040063858032,0.06035851844727393,6.7864333545961335,0,0
142,1.0,1,1,0.8462203306163603,0.5652744174003601,0.058341744985197085,6.7616739745632835,0,1
143,1.0,1,1,0.8666451056027944,0.5592713356018066,0.04914700336573096,5.618119892572126,0,0
144,1.0,1,1,0.8894501647054551,0.592599093914032,0.045140021543023594,6.717084144747153,0,1
145,1.0,1,1,0.9065399474574913,0.5878539681434631,0.03953792209788894,5.972015833914561,0,1
146,1.0,1,1,0.9203968618607749,0.5886375308036804,0.03236046394273875,5.322416465590608,0,1
147,1.0,1,1,0.9097895983747363,0.5839434862136841,0.013381380423499836,3.304030283495419,0,1
148,1.0,1,1,0.9348503445521836,0.5988078713417053,0.017483690630058415,4.355774734554195,0,1
149,1.0,1,1,0.918350716171319,0.5960389375686646,0.010365982712488318,3.5540029987982154,0,1
150,1.0,1,1,0.93287288542429,0.6040998101234436,0.00894122513122796,3.776360940910105,0,1
151,1.0,1,1,0.9132996160436732,0.5997726917266846,0.021488780909469908,4.7805635804378515,0,1
152,1.0,1,1,0.9229685397373867,0.5906434059143066,0.015367321315345198,3.7911422906764396,0,1
153,1.0,1,1,0.9198495976836903,0.5810132026672363,0.012845852482987703,3.1227446474287417,0,1
154,1.0,1,1,0.9278555826765341,0.5719045996665955,0.007837555023080468,2.2403901867505382,0,1
155,1.0,1,1,0.9207275660271687,0.6021155714988708,0.011088278830663243,3.892919446607727,0,1
156,1.0,1,1,0.9292156392228046,0.5974942445755005,0.0065367275642169865,3.253529681724482,0,1
157,1.0,1,1,0.9120557243456571,0.5821363925933838,0.023178882879403177,4.157984123868587,0,1
158,1.0,1,1,0.928911536787384,0.5956047177314758,0.010638006159529216,3.5606459485422612,0,1
159,1.0,1,1,0.9277117639127819,0.5978670716285706,0.009337378960040608,3.5371592687646856,0,1
160,1.0,1,1,0.9269102036258208,0.6010774374008179,0.009319706410422297,3.6781400345650264,0,1
161,1.0,1,1,0.9156694730028637,0.5835526585578918,0.019050344987558036,3.8272371777184397,0,1
162,1.0,1,1,0.9303069508283826,0.5753604769706726,0.010470541074598123,2.6450398949491527,0,1
163,1.0,1,1,0.9336692626644075,0.5888862609863281,0.006973736502333098,2.912669924385171,0,1
164,1.0,1,1,0.9185359948510253,0.5947504639625549,0.018925488501854135,4.312952340534623,0,1
165,1.0,1,1,0.9249441851895832,0.594245433807373,0.011463338974374168,3.5789416971964103,0,1
166,1.0,1,1,0.9143642143028086,0.593390166759491,0.023322394903051914,4.6717772835452624,0,1
167,1.0,1,1,0.9292341655010925,0.5834784507751465,0.009737233008014285,2.9358698584051677,0,1
168,1.0,1,1,0.9073227809289736,0.5782894492149353,0.025269369854664662,4.186371562658691,0,1
169,1.0,1,1,0.9259579683237564,0.588176965713501,0.010983970512258122,3.26355296312457,0,1
170,1.0,1,1,0.914355400845774,0.5980452299118042,0.015686892240894538,4.1505464447001845,0,1
171,1.0,1,1,0.9167743052739792,0.590617299079895,0.013265784448430773,3.589586061419899,0,1
172,1.0,1,1,0.9151093031258866,0.580346941947937,0.011815821539745065,2.9949160105022004,0,1
173,1.0,1,1,0.9158524878132586,0.6025539040565491,0.013019267401601316,4.096531683043349,0,1
174,1.0,1,1,0.9212141195105196,0.6019583344459534,0.005647579260844181,3.36712366053097,0,1
175,1.0,1,1,0.9138394710609016,0.5957832932472229,0.014220593692520215,3.9102061744170866,0,1
176,1.0,1,1,0.912280930067703,0.6171504259109497,0.015045426132449333,4.938397123693692,0,1
177,1.0,1,1,0.9124380941773754,0.584674596786499,0.01418116875823109,3.412785569721179,0,1
178,1.0,1,1,0.9272171740867864,0.6000669002532959,0.0071079909300259085,3.422330254659427,0,1
179,1.0,1,1,0.9221484927385056,0.5999284982681274,0.005644130383757577,3.2765905669547966,0,1
180,1.0,1,1,0.9287918055496753,0.5822710394859314,0.003392381474154261,2.277188070899831,0,1
181,1.0,1,1,0.9279218049105284,0.5975928902626038,0.00554959755006807,3.163783744788042,0,1
182,1.0,1,1,0.9189622134611807,0.5962339043617249,0.018380116682704093,4.326870217297511,0,1
183,1.0,1,1,0.9119207801502753,0.5891196131706238,0.023357809837208008,4.4853745182914775,0,1
184,1.0,1,1,0.9279231389689127,0.597944438457489,0.01078665854119127,3.67879620946681,0,1
185,1.0,1,1,0.9195907986419245,0.592193603515625,0.012913696553310601,3.6260616960620755,0,1
186,1.0,1,1,0.9316657179643371,0.6014591455459595,0.006007945573975538,3.3793035423447795,0,1
187,1.0,1,1,0.9150681762302834,0.5906372666358948,0.018529443523589848,4.092399671402644,0,1
188,1.0,1,1,0.9139810319203562,0.5888190269470215,0.020403436853519034,4.190296837464645,0,1
189,1.0,1,1,0.9175780757779322,0.5903534293174744,0.013320866233803942,3.5831123391168975,0,1
190,1.0,1,1,0.9195399921874235,0.588108479976654,0.010855769108314463,3.2482846245200605,0,1
191,1.0,1,1,0.914943356433799,0.6095163822174072,0.01242097341771065,4.348886913907006,0,1
192,1.0,1,1,0.9012158201461214,0.5921715497970581,0.026117304756267088,4.88413693595231,0,1
193,1.0,1,1,0.8915268485186467,0.5725557804107666,0.03261497344018314,4.6320261895324135,0,1
194,1.0,1,1,0.9098370716997514,0.5934597253799438,0.014782552870307292,3.860535456038292,0,1
195,1.0,1,1,0.8899902525775647,0.5849716067314148,0.02521303244452575,4.477948883536426,0,1
196,1.0,1,1,0.8923665333372615,0.5887840390205383,0.01659847572077042,3.825912664270885,0,1
197,1.0,1,1,0.8783944604491924,0.5861352682113647,0.028358226906624436,4.829577052422724,0,1
198,1.0,1,1,0.8833286612894272,0.5792028307914734,0.020443527304641315,3.7667840375439745,0,1
199,1.0,1,1,0.8908876231904306,0.594142496585846,0.00948742037305595,3.385949759636672,0,1
200,1.0,1,1,0.8563811920789244,0.5782273411750793,0.04068563831016437,5.653659268233497,0,1
201,1.0,1,1,0.8783532704345999,0.583766520023346,0.018538761653240185,3.787957995748177,0,1
202,1.0,1,1,0.872762401221469,0.5887665748596191,0.019159396591655328,4.069338074450645,0,1
203,1.0,1,1,0.8862162949378705,0.5913154482841492,0.012188827245661438,3.5179159153645596,0,1
204,1.0,1,1,0.8817064308962791,0.5850659608840942,0.006691990853517081,2.716032593495562,0,1
205,1.0,1,1,0.8988927749924331,0.5865146517753601,0.008310664797367718,2.9347629498666215,0,1
206,1.0,1,1,0.8849671789781951,0.5802634358406067,0.010749807356328637,2.889553249726493,0,1
207,1.0,1,1,0.9025369084985817,0.5903376936912537,0.006773367178459517,2.958063778171545,0,1
208,1.0,1,1,0.8935479046651291,0.607830822467804,0.00930042949875396,3.976416622762768,0,1
209,1.0,1,1,0.8658409052911807,0.5823955535888672,0.03996779731491485,5.770440036415144,0,1
210,1.0,1,1,0.88628946205486,0.5883078575134277,0.019316049343259936,4.0638909823115235,0,1
211,1.0,1,1,0.8327213876337657,0.5706145763397217,0.06515491831618303,7.648669325362406,0,1
212,1.0,1,1,0.8435170453474916,0.5686607360839844,0.0401387070786139,5.176373679485014,0,1
213,1.0,1,1,0.8126608790192196,0.5665316581726074,0.05525383188511577,6.523090847454717,0,1
214,1.0,1,1,0.8403237904974329,0.5582026243209839,0.025962867413516652,3.359859676279851,0,0
215,1.0,1,1,0.7974453663928632,0.5726956129074097,0.04568292005412503,5.884359247178945,0,1
216,1.0,1,1,0.8645676916660259,0.5804778337478638,0.030258410529263223,4.75936104426769,0,1
217,1.0,1,1,0.8088937117737364,0.5797092914581299,0.03207339930409209,4.89827939130363,0,1
218,1.0,1,1,0.8726971416532336,0.5809834003448486,0.03433127008360867,5.170203305238001,0,1
219,1.0,1,1,0.8248301653513852,0.5682880878448486,0.03056693662366282,4.247079043150874,0,1
220,1.0,1,1,0.860234103733764,0.5833483934402466,0.028049741213036647,4.676314429466505,0,1
221,1.0,1,1,0.8461793112049755,0.5732996463775635,0.02263733990096685,3.713646659292365,0,1
222,1.0,1,1,0.8640859323620982,0.5809359550476074,0.017644944372161398,3.5769384047653072,0,1
223,1.0,1,1,0.8481999513758984,0.5799425840377808,0.014481821963916054,3.231168248155644,0,1
224,1.0,1,1,0.8589977776961611,0.5763155221939087,0.009733968791162883,2.61724404713625,0,1
225,1.0,1,1,0.8886506545484165,0.588320255279541,0.02346240056612239,4.459825172048315,0,1
226,1.0,1,1,0.8831556942297517,0.5968451499938965,0.012261586735431887,3.7705893471840493,0,1
227,1.0,1,1,0.8910748924867273,0.5727571845054626,0.01361824756150848,2.8295073250844154,0,1
228,1.0,1,1,0.8893934824693838,0.5911511182785034,0.008438626821993884,3.1530057005721646,0,1
229,1.0,1,1,0.894516290506151,0.5932700037956238,0.004771803103811105,2.8975102159816535,0,1
230,1.0,1,1,0.8969103246655257,0.577070415019989,0.0034472760799886043,2.0513112563193876,0,1
231,1.0,1,1,0.9174970428061751,0.5924767851829529,0.013700784451717293,3.7137003225934397,0,1
232,1.0,1,1,0.8951621264864954,0.5903093218803406,0.015239669447824292,3.7641233883401086,0,1
233,1.0,1,1,0.9423444366417648,0.5698727369308472,0.03050047970316721,4.311162394408335,0,1
234,1.0,1,1,0.912284331367937,0.5982493758201599,0.015748760216280546,4.165518056856428,0,1
235,1.0,1,1,0.9440041206891138,0.5750404596328735,0.019858787846339737,3.526052801827036,0,1
236,1.0,1,1,0.9266266274853647,0.6042702794075012,0.01756102270460939,4.605893720768303,0,1
237,1.0,1,1,0.9616106749421267,0.5837743282318115,0.019473285073570816,3.877418252355001,0,1
238,1.0,1,1,0.9609061931550604,0.5750473141670227,0.01646898676944937,3.2031164529149994,0,1
239,1.0,1,1,0.9720002988288817,0.5754250288009644,0.012890883938454493,2.878704942605792,0,1
240,1.0,1,1,0.9641552217749797,0.5746657848358154,0.012059526137188348,2.7656890651905366,0,1
241,1.0,1,1,0.9648357344774564,0.55949866771698,0.010654873520316554,1.9577317520127986,0,0
242,1.0,1,1,0.9534445787634026,0.567304790019989,0.022852294118202783,3.4677376348655997,0,1
243,1.0,1,1,0.9624150818880925,0.5805166363716125,0.01433713679344119,3.24288192209267,0,1
244,1.0,1,1,0.9430303668864836,0.5614429116249084,0.029004798162010077,3.7939244484367,0,0
245,1.0,1,1,0.9654768174446193,0.5733754634857178,0.010335856996315994,2.5439845009308897,0,1
246,1.0,1,1,0.9531001380603409,0.558103084564209,0.01451996526574378,2.264276414325127,0,0
247,1.0,1,1,0.9477607078206635,0.5627695322036743,0.01906740407173144,2.9052791545083703,0,0
248,1.0,1,1,0.9526705560533438,0.5535934567451477,0.010784384274031819,1.7076588687077896,0,0
249,1.0,1,1,0.9177270205981951,0.5872753858566284,0.04784754506905759,6.738684097603859,0,1
250,1.0,1,1,0.9212112739013456,0.5985902547836304,0.03242584255430104,5.770941484106942,0,1
251,1.0,1,1,0.887888707123616,0.6780690550804138,0.05777619329228182,11.720243920643327,0,1
252,1.0,1,1,0.8320901293727223,0.6068485975265503,0.09860677086891365,12.448744190488666,0,1
253,1.0,1,1,0.7230194781058541,0.5483273267745972,0.17753231546562648,17.37420405270845,0,2
254,1.0,1,1,0.6990549310997041,0.5484705567359924,0.15281997684869125,15.024076804884205,0,2
255,1.0,1,1,0.6549654998302321,0.5342796444892883,0.14137032241775283,13.301640877214275,1,2
256,1.0,1,1,0.6426255167080264,0.523701548576355,0.0954795037166126,8.455552454286565,0,0
257,1.0,1,1,0.6263336226704173,0.5197437405586243,0.06440524458804772,5.316525427911942,0,0
258,1.0,1,1,0.6283161578630381,0.5200283527374268,0.0382512455365677,2.8352088020369135,0,0
259,1.0,1,1,0.6155234658737089,0.5095526576042175,0.0333592442167304,1.9031915528718457,0,0
260,0.0,1,1,0.6174312314353076,0.5162419676780701,0.021590970166000815,1.0782726307436863,0,0
261,0.0,1,1,0.6076497519591958,0.5138068795204163,0.025073878323932992,1.3021787152177087,0,0
262,0.0,1,1,0.611740005580133,0.5185211896896362,0.016312657025190448,0.6762357126403696,0,0
263,0.0,1,1,0.6076598125437083,0.5142477750778198,0.016248811990888876,0.48024068197258335,0,0
264,0.0,1,1,0.6059479075400296,0.520893931388855,0.01599480366206741,0.7513688512933286,0,0
265,0.0,1,1,0.6081205263191364,0.5201489925384521,0.0109513539091411,0.23733660499016493,0,0
266,0.0,1,1,0.6058775100587519,0.510936975479126,0.013312063759510724,0.053072282400107695,0,0
267,0.0,1,1,0.614156875236727,0.5130869746208191,0.005542255125675731,-0.5922885050902374,0,0
268,0.0,1,1,0.611685401835441,0.512748658657074,0.007662813775731087,-0.40511306122332746,0,0
269,0.0,1,1,0.6143462071603596,0.5122818946838379,0.006436382024665294,-0.5428044041749683,0,0
270,0.0,1,1,0.6111768769186523,0.5128268599510193,0.01116213247667839,-0.0679536402634893,0,0
271,0.0,1,1,0.6097609148123772,0.5078814029693604,0.013902936297928638,-0.02637102032866423,0,0
272,0.0,1,1,0.6126085687791012,0.5073173642158508,0.009956292225117132,-0.42777621654688375,0,0
273,0.0,1,1,0.6099236881545669,0.5149007439613342,0.012871964585566505,0.1872523355878216,0,0
274,0.0,1,1,0.6054691436609143,0.5123149752616882,0.01622087932777089,0.391685104822147,0,0
275,0.0,1,1,0.6018265467713396,0.5139919519424438,0.018436542902911083,0.6774873774140949,0,0
276,0.0,1,1,0.6075934260680997,0.5086745023727417,0.011405009079769478,-0.2293209699779586,0,0
277,0.0,1,1,0.5991699510270339,0.5000389814376831,0.017855760959207104,0.0020474848839459048,0,0
278,0.0,1,1,0.5962030651332217,0.5002797245979309,0.018134212571135958,0.0392981947505846,0,0
279,0.0,1,1,0.599871160019462,0.5048441886901855,0.012149598052972617,-0.32853519706179024,0,0
280,0.0,1,1,0.5939200759250791,0.5142214894294739,0.017611835459386025,0.609046276982791,0,0
281,0.0,1,1,0.5917188840295359,0.4974040687084198,0.01639468981917411,-0.2543690597542232,0,0
282,0.0,1,1,0.5854538773416056,0.5148314237594604,0.020796929757729902,0.9398720003148796,0,0
283,0.0,1,1,0.5913259508950273,0.5179857611656189,0.013009093868612863,0.3374241405722926,0,0
284,0.0,1,1,0.5905384557878801,0.5074853897094727,0.010888752082442672,-0.33139281299791756,0,0
285,0.0,1,1,0.5791789071068695,0.5020905137062073,0.02140289572915355,0.43145967388146045,0,0
286,0.0,1,1,0.5842947350220054,0.5100941061973572,0.013545485376416852,0.03787424189010685,0,0
287,0.0,1,1,0.5777834825916797,0.5098860263824463,0.019373540433776707,0.5843726750377868,0,0
288,0.0,1,1,0.5676373722700465,0.4995732009410858,0.026134033679572958,0.7707391025682394,0,0
289,0.0,1,1,0.57981069190681,0.505882740020752,0.012157600817230652,-0.28161972706793525,0,0
290,0.0,1,1,0.5662499122317155,0.5169398188591003,0.021954169038430702,1.1439180750800133,0,0
291,0.0,1,1,0.5808037898767058,0.512763500213623,0.008091224663684077,-0.3636015760868105,0,0
292,0.0,1,1,0.5819995953249767,0.5131768584251404,0.005994194286479846,-0.5451986219131871,0,0
293,0.0,1,1,0.5964470260656802,0.5195943117141724,0.008748359486690959,0.0026163113542909677,0,0
294,0.0,1,1,0.5702920052126799,0.5061825513839722,0.021905586484600507,0.6612414377964557,0,0
295,0.0,1,1,0.5836786457839831,0.5164311528205872,0.014058287279687817,0.36838649047693817,0,0
296,0.0,1,1,0.5548733026579139,0.5184321403503418,0.03905352626142689,2.840777472188621,0,0
297,0.0,1,1,0.5724479455883758,0.5107749104499817,0.021320129464928103,0.8094946548280724,0,0
298,0.0,1,1,0.4956035877339443,0.5422097444534302,0.08554189789930466,8.330421783660041,0,0
299,0.0,1,1,0.5470114986310062,0.5321351885795593,0.03900133591658768,3.4447527461475316,0,0
300,0.0,1,1,0.3550468007217611,0.5261210799217224,0.19825979375355976,18.363885341820158,0,2
301,0.0,1,1,0.49876075785952717,0.5234062075614929,0.0742816875361364,6.421069481893817,0,0
302,0.0,1,1,0.3540061564266453,0.5146467089653015,0.13092201563242523,11.43285141203232,0,0
303,0.0,1,1,0.47428629875707906,0.5194029211997986,0.08634432700003392,7.39342282408337,0,0
304,0.0,1,1,0.353794502513124,0.525229811668396,0.07755301175063999,6.814052291815862,0,0
305,0.0,1,1,0.41687055796942324,0.5333862900733948,0.0684761015837114,6.310973246848531,0,0
306,0.0,1,1,0.3474716103469073,0.5175188779830933,0.0630902793921714,5.092263380072594,0,0
307,0.0,1,1,0.41448015252243986,0.5279136896133423,0.04963718813111989,4.2713548786302615,0,0
308,0.0,1,1,0.275333195117042,0.5229610800743103,0.1186435215434424,10.631495834324918,0,0
309,0.0,1,1,0.3299743143033328,0.527654767036438,0.06954313293677436,6.158017977963484,0,0
310,0.0,1,1,0.24039864488930726,0.5164321064949036,0.11223868400563403,9.730608196590143,0,0
311,0.0,1,1,0.2825842476444026,0.5361613631248474,0.0622131390991842,5.837078414009209,0,0
312,0.0,1,1,0.2356827786757847,0.5157411694526672,0.05721233263524731,4.452760658048021,0,0
313,0.0,1,1,0.21190929431672426,0.5067182183265686,0.07107321288399343,5.373518989156765,0,0
314,0.0,1,1,0.19279031766880933,0.5218591094017029,0.060675934535256194,5.054915161442125,0,0
315,0.0,1,1,0.18065606403628717,0.5250950455665588,0.06090810636265386,5.220856642023679,0,0
316,0.0,1,1,0.16257054733572734,0.5259900093078613,0.05351157716118484,4.555317906213987,0,0
317,0.0,1,1,0.15433095180332274,0.5380100607872009,0.043473114858575114,4.132242170924182,0,0
318,0.0,1,1,0.1422419779931853,0.5253176689147949,0.041167503040362145,3.3483468884452714,0,0
319,0.0,1,1,0.14019374182264013,0.5269569754600525,0.030578654292001316,2.411476393252396,0,0
320,0.0,1,1,0.13577639947053097,0.5279240012168884,0.02488041609069875,1.9110838163347457,0,0
321,0.0,1,1,0.12688277228619807,0.529935359954834,0.02707550630873253,2.209783935653327,0,0
322,0.0,1,1,0.1256645247110538,0.5212680697441101,0.02143170900459564,1.2864417437507403,0,0
323,0.0,1,1,0.12210100810335009,0.5278610587120056,0.020850862291766473,1.5240409022760084,0,0
324,0.0,1,1,0.12421338794601648,0.5276356935501099,0.014215299019277573,0.8812790486833615,0,0
325,0.0,1,1,0.12276067048532241,0.5317088961601257,0.01277726359884302,0.9251621452691994,0,0
326,0.0,1,1,0.1249209199371482,0.5287357568740845,0.00958648869679831,0.48877588857005155,0,0
327,0.0,1,1,0.1254935793590457,0.5191846489906311,0.008827928081424387,-0.008001341513354743,0,0
328,0.0,1,1,0.11821055834662253,0.5375680327415466,0.016959091907771496,1.5843034953671145,0,0
329,0.0,1,1,0.12785939521602002,0.5329294800758362,0.008469463908722068,0.5686254015021708,0,0
330,0.0,1,1,0.12129779312888456,0.5354242920875549,0.01364583090833538,1.1730951232197464,0,0
331,0.0,1,1,0.13572893915068815,0.5190687775611877,0.005625657939391838,-0.3185091588240859,0,0
332,0.0,1,1,0.1278646764675253,0.5285700559616089,0.008732005815539352,0.3999314310053337,0,0
333,0.0,1,1,0.14223696133338976,0.5231886506080627,0.005770968357076763,-0.12156909938718646,0,0
334,0.0,1,1,0.13850483444214126,0.5296629667282104,0.00509084355879513,0.10128948566705753,0,0
335,0.0,1,1,0.15995635270242164,0.5215216279029846,0.01304998903147472,0.49845473271477714,0,0
336,0.0,1,1,0.1488592407814203,0.5396447777748108,0.006791448617034079,0.7070372513508761,0,0
337,0.0,1,1,0.18113021957001332,0.5314769148826599,0.022918361432659292,1.8818768524349967,0,0
338,0.0,1,1,0.1668956733614013,0.5409754514694214,0.011266122097716182,1.1928623152344717,0,0
339,0.0,1,1,0.20676405079654228,0.5195711255073547,0.031731168370217326,2.1931555906827334,0,0
340,0.0,1,1,0.21852377307750703,0.5030615925788879,0.03178896612765192,1.4649971932749688,0,0
341,0.0,1,1,0.3034935411727342,0.5300341248512268,0.0993426011488574,9.105339875998856,0,0
342,0.0,1,1,0.36996661958707733,0.5287023782730103,0.1352248491625203,12.467778494173354,0,0
343,0.0,1,1,0.4912818327550603,0.5259086489677429,0.20577232577408427,19.070816933388915,0,2
344,0.0,1,1,0.5020621747029539,0.5361059904098511,0.14542322223234833,13.769274165761964,0,2
345,0.0,1,1,0.5007224010983335,0.5309780240058899,0.07603323718817863,6.9245770254355055,0,0
346,0.0,1,1,0.5221436875526303,0.5322855710983276,0.04531291969426321,4.053288750129998,0,0
347,0.0,1,1,0.5091908424141536,0.5277001857757568,0.005980688607139729,0.0989180192323374,0,0
348,0.0,1,1,0.5341065836177128,0.5179821252822876,0.014754296353184145,0.503679682482707,0,0
349,0.0,1,1,0.5165493686933116,0.5240813493728638,0.01081402079990679,0.3989915874672706,0,0
350,0.0,1,1,0.5258406024482558,0.5233182311058044,0.009792017180221647,0.2676241430334516,0,0
351,0.0,1,1,0.5086757575636713,0.5151460766792297,0.023568602552197927,1.2181530677023056,0,0
352,0.0,1,1,0.4965491013772273,0.5371280908584595,0.03556648752602141,3.3390966094402783,0,0
353,0.0,1,1,0.48887087435011084,0.535854160785675,0.03385534399301649,3.119314863084361,0,0
354,0.0,1,1,0.43151034076837524,0.517889142036438,0.08429625398895191,7.1308538309063065,0,0
355,0.0,1,1,0.3256168535850737,0.5209550857543945,0.16660717575228332,15.116017019684389,0,2
356,0.0,1,1,0.29089361359705274,0.5244905352592468,0.15556568974565485,14.220247438554466,0,2
357,0.0,1,1,0.22851980968519048,0.5143762826919556,0.16652562171247348,14.815883781479677,1,2
358,0.0,1,1,0.1555589002400638,0.5195006728172302,0.17439876499137008,15.794366006629266,1,2
359,0.0,1,1,0.19378081046798928,0.5215656161308289,0.0841354475808273,7.278899257507815,0,0
360,0.0,1,1,0.15009766422278933,0.5421236753463745,0.07791313009729556,7.599141214399659,0,0
361,0.0,1,1,0.1723527481651419,0.542401909828186,0.03132551608708381,3.1690547715867026,0,0
362,0.0,1,1,0.14382061884325764,0.544277012348175,0.034949422753249255,3.5979473012117493,0,0
363,0.0,1,1,0.15870044401765046,0.5315650701522827,0.02241043765234914,1.837360356193177,0,0
364,0.0,1,1,0.1436355765491205,0.5362650156021118,0.023429803085600158,2.1434255333689296,0,0
365,0.0,1,1,0.15121891514327362,0.5351248383522034,0.015858109705604195,1.3707437218504634,0,0
366,0.0,1,1,0.1406548610729879,0.5430265069007874,0.01951153838784846,2.070266925473445,0,0
367,0.0,1,1,0.1484098258740438,0.5256190299987793,0.01267811438025092,0.6450790314653169,0,0
368,0.0,1,1,0.1356301930682317,0.5510082840919495,0.02117211241413557,2.583317626546406,0,0
369,0.0,1,1,0.14559036147664273,0.5568639636039734,0.012026180175205682,1.971411274638611,0,0
370,0.0,1,1,0.13485959279001686,0.5398676991462708,0.018534228405470494,1.8366988943126055,0,0
371,0.0,1,1,0.14025396376008878,0.5404935479164124,0.012223723685189607,1.262760854125808,0,0
372,0.0,1,1,0.13624427133400288,0.5427736043930054,0.013661767262252954,1.5012120468985468,0,0
373,0.0,1,1,0.14250846632846123,0.5448920130729675,0.008518687166964427,1.1049241245040273,0,0
374,0.0,1,1,0.14370854266935304,0.5398625731468201,0.005580541706300241,0.6012475530476324,0,0
375,0.0,1,1,0.14177526505160062,0.5353906154632568,0.009726056793886668,0.7978210119504429,0,0
376,0.0,1,1,0.1473639603488771,0.5429655313491821,0.005147532303624235,0.6978499772013746,0,0
377,0.0,1,1,0.1420572598757429,0.5513810515403748,0.012604309546340928,1.7828838864992673,0,0
378,0.0,1,1,0.148447098691105,0.5470792055130005,0.007132086360978134,1.0698991550191734,0,0
379,0.0,1,1,0.14415029888987027,0.5455186367034912,0.01158310792447196,1.4249844503105482,0,0
380,0.0,1,1,0.1506128416208094,0.5398650169372559,0.006781092854067654,0.7158370016668762,0,0
381,0.0,1,1,0.14722212250707847,0.5481082201004028,0.0099172630848142,1.3812135494695847,0,0
382,0.0,1,1,0.15550342929311292,0.5341135859489441,0.0049033231851287485,0.2811899119404171,0,0
383,0.0,1,1,0.15525580787744758,0.5221018195152283,0.004938876022781014,-0.2492127171315931,0,0
384,0.0,1,1,0.155706980511716,0.5416336059570312,0.007264080635406934,0.8404878388732012,0,0
385,0.0,1,1,0.16241686510647507,0.5443801879882812,0.0030181708962518806,0.5576668075333238,0,0
386,0.0,1,1,0.16826599318992785,0.5433123111724854,0.0024994383798302806,0.4607465261602639,0,0
387,0.0,1,1,0.1668541181415811,0.5555490255355835,0.00437980435232136,1.1838417517078663,0,0
388,0.0,1,1,0.15454089489462303,0.5368577837944031,0.019592605165312794,1.8038643157393104,0,0
389,0.0,1,1,0.1736266005416249,0.5472372770309448,0.00759372877303645,1.1209445151311355,0,0
390,0.0,1,1,0.15175341120868913,0.5521405339241028,0.02489100130576093,2.9882556166190315,0,0
391,0.0,1,1,0.16868513002759217,0.5415322780609131,0.010711105309475628,1.164682536168943,0,0
392,0.0,1,1,0.15247094702867295,0.5532429218292236,0.020503072961970174,2.618825520281785,0,0
393,0.0,1,1,0.1646232949683193,0.5545096397399902,0.01174490986115734,1.8399660261567847,0,0
394,0.0,1,1,0.159103026519995,0.5473780632019043,0.011102680110834214,1.4618036940891916,0,0
395,0.0,1,1,0.16352233304162653,0.5570220947265625,0.008565928513342773,1.6484795804478725,0,0
396,0.0,1,1,0.15525519571180138,0.5438645482063293,0.015497215500362888,1.724715349842479,0,0
397,0.0,1,1,0.1668380858538962,0.5375854969024658,0.008237330435595396,0.7533993579737815,0,0
398,0.0,1,1,0.15632159867138778,0.5384299755096436,0.01568057243295282,1.5006918424945757,0,0
399,0.0,1,1,0.16726895890929977,0.5211911797523499,0.007347033187342854,-0.060046357579376486,0,0
400,0.0,1,1,0.1633188899716226,0.522152841091156,0.008924580637484476,0.13311911808485205,0,0
401,0.0,1,1,0.20053588585934223,0.5293108224868774,0.026276491685279842,2.105838447646555,0,0
402,0.0,0,1,0.18505413666289194,0.5394359827041626,0.012275669250195367,1.2207169106399933,0,0
403,0.0,0,1,0.22532206311215297,0.5329884886741638,0.035455084438853,3.1445131019528794,0,0
404,0.0,0,1,0.23404893019817485,0.5207745432853699,0.0296686754741616,2.0499615176507553,0,0
405,0.0,0,1,0.22575561797319807,0.5245208144187927,0.014116238368019084,0.7334103118003008,0,0
406,0.0,0,1,0.24327517367968685,0.5058534145355225,0.014907475870571585,-0.020703337096340202,0,0
407,0.0,0,1,0.24421792929490896,0.5172167420387268,0.004397103533625473,-0.5179632187507702,0,0
408,0.0,0,1,0.27335915701764657,0.5210459232330322,0.025712233408643557,1.6847473223512905,0,0
